# Accelerometer Data File
# Started @Fri Dec 02 13:31:51 CST 2016
#
#
# sensor Vendor: hTC Corp.
# sensor Name: Accelerometer Sensor
# sensor Resolution: 0.01m/sec^2; Max Range: 39.2266; Min Delay: 10000 microseconds
# The sensor's attributes are the result hardware and the Android capabilities.
# It means that the Android may not utilize all features provided by the hardware.
#
# Some devices and Android versions save battery too much so the device may go to sleep.
# It just happens after couple of minutes from turning off the scree and it is easy to find it out.
#
# The following file provides the data from accelerometer in the m/s^2 format.
# The diff value is just a time delta between the samples
#
#
# data format:
# so we have 4 columns with values separated by the " "
# X Y Z time_from_previous_sample(ms)

# sensor speed set to:FASTEST
# units set to: m/sec^2
# gravity NOT filtered out
# Accuracy: HIGH
-1.069 4.13 8.809 0
-0.88 3.86 8.79 9
-0.859 3.98 8.71 10
-0.909 4.18 8.5 10
-1.14 4.36 8.429 10
-1.469 4.6 8.38 10
-1.589 4.79 8.45 10
-1.52 4.68 8.769 10
-1.39 4.859 8.8 10
-1.02 4.72 8.9 10
-0.5 4.36 9.29 10
-0.21 3.939 9.51 10
-0.149 3.83 9.349 10
0.0 3.97 9.29 10
0.049 4.1 9.46 10
-0.199 4.24 9.32 10
-0.489 4.4 9.11 10
-1.15 4.49 9.17 10
-1.17 4.44 9.28 10
-0.87 4.21 9.13 10
-0.65 3.79 8.95 10
-0.41 3.419 8.849 10
-0.22 3.32 8.75 10
-0.01 3.32 8.59 10
0.099 3.36 8.23 10
0.14 3.449 7.97 10
0.149 3.59 7.919 10
-0.11 3.8 7.94 10
-0.42 4.06 8.04 9
-0.69 4.049 7.99 10
-0.89 3.889 7.99 10
-0.969 3.629 7.93 10
-0.909 3.37 8.069 10
-0.719 3.159 8.24 10
-0.39 3.02 8.149 10
-0.299 3.09 8.24 10
-0.03 3.23 8.29 10
0.06 3.32 8.23 10
-0.02 3.439 8.149 10
-0.29 3.56 8.109 10
-0.5 3.49 8.139 10
-0.55 3.32 8.44 10
-0.45 3.25 8.72 10
-0.35 3.189 8.72 10
-0.25 3.189 8.97 10
-0.179 3.169 8.99 10
0.02 3.07 9.13 10
0.179 3.02 9.29 10
0.16 3.05 9.25 10
0.0 3.139 9.22 10
-0.28 3.25 9.2 10
-0.659 3.37 9.16 10
-1.17 3.76 9.2 10
-1.459 4.31 9.21 10
-1.439 4.72 9.44 10
-1.16 4.77 9.7 10
-0.76 4.43 10.099 9
-0.47 4.0 10.42 10
-0.24 3.85 10.96 10
-0.24 3.889 11.04 10
-0.31 3.879 11.33 10
-0.5 3.959 11.58 10
-0.799 4.06 11.63 10
-1.05 4.22 11.45 10
-1.3 4.33 11.429 10
-1.55 4.27 11.49 10
-1.68 4.18 11.469 10
-1.63 4.08 11.37 10
-1.439 4.0 11.2 10
-1.339 3.99 10.92 10
-1.319 4.08 10.74 10
-1.37 4.259 10.69 10
-1.459 4.23 10.69 10
-1.53 4.27 11.07 10
-1.5 4.319 11.19 10
-1.51 4.24 11.179 10
-1.61 3.899 11.179 10
-1.63 3.399 11.17 10
-1.11 2.76 11.019 10
-1.599 2.46 10.51 10
-1.36 2.09 10.41 10
-0.82 1.709 10.13 10
-0.719 1.52 9.69 10
-0.539 1.48 9.45 10
-0.7 1.22 9.519 9
-0.75 1.22 9.48 10
-0.82 1.55 9.26 10
-0.729 1.73 8.87 10
-0.71 1.699 8.75 10
-0.64 1.56 8.519 10
-0.489 1.459 8.109 10
-0.39 1.52 7.73 10
-0.37 1.699 7.339 10
-0.489 1.87 7.0 10
-0.599 2.0 6.759 10
-0.81 2.18 6.6 10
-1.11 2.45 6.54 10
-1.329 2.72 6.589 10
-1.52 2.899 6.609 10
-1.63 3.02 6.71 10
-1.61 3.04 6.87 10
-1.459 3.1 6.94 10
-1.319 3.189 7.069 10
-1.25 3.3 7.04 10
-1.16 3.28 7.24 10
-1.18 3.389 7.24 10
-1.4 3.56 7.29 10
-1.64 3.699 7.41 10
-1.849 3.879 7.47 10
-2.01 3.98 7.49 10
-2.08 4.12 7.509 10
-2.129 4.15 7.58 10
-2.159 4.17 7.669 9
-2.04 4.21 7.87 10
-1.829 4.24 8.13 10
-1.66 4.21 8.349 10
-1.56 4.2 8.62 10
-1.449 4.339 8.91 10
-1.37 4.48 9.019 10
-1.29 4.52 8.94 10
-1.23 4.48 8.96 10
-1.27 4.339 9.0 10
-1.3 4.31 9.13 10
-1.29 4.33 9.269 10
-1.35 4.47 9.42 10
-1.38 4.549 9.69 10
-1.4 4.73 9.69 10
-1.42 4.77 10.139 10
-1.38 4.7 10.48 10
-1.319 4.62 10.66 10
-1.23 4.38 10.95 10
-1.18 4.12 11.139 10
-1.16 3.949 11.25 10
-1.23 3.83 11.269 10
-1.339 3.77 11.3 10
-1.41 3.699 11.3 10
-1.469 3.629 11.36 10
-1.56 3.639 11.3 10
-1.449 3.6 11.32 10
-1.329 3.49 11.34 9
-1.209 3.33 11.389 10
-1.17 3.12 11.49 10
-1.209 2.86 11.57 10
-1.3 2.7 11.53 10
-1.319 2.51 11.33 10
-1.4 2.389 11.07 10
-1.36 2.2 10.87 10
-1.15 1.93 10.44 10
-0.799 1.699 10.05 10
-0.44 1.53 9.84 10
-0.149 1.35 9.67 10
0.049 1.24 9.38 10
0.179 1.26 9.059 10
0.089 1.4 8.83 10
0.02 1.54 8.69 10
-0.06 1.569 8.519 10
-0.099 1.63 8.38 10
-0.13 1.63 8.36 10
-0.089 1.64 8.45 10
0.02 1.63 8.42 10
0.13 1.67 8.41 10
0.229 1.68 8.38 10
0.38 1.65 8.22 10
0.48 1.689 8.16 10
0.51 1.74 8.04 10
0.64 1.819 8.149 10
0.669 1.92 8.149 10
0.7 1.979 8.16 9
0.78 2.06 8.149 10
0.82 2.07 8.13 10
0.89 2.09 8.189 10
0.89 2.2 8.13 10
0.859 2.3 8.179 10
0.729 2.45 8.309 10
0.539 2.639 8.429 10
0.42 2.82 8.41 10
0.25 2.96 8.58 10
0.01 3.03 8.73 10
0.0 3.09 8.76 10
-0.02 3.169 8.83 10
0.049 3.12 8.929 10
0.16 3.1 9.04 10
0.26 3.149 9.16 10
0.38 3.26 9.38 10
0.489 3.34 9.46 10
0.51 3.51 9.49 10
0.45 3.639 9.599 10
0.44 3.72 9.559 10
0.34 3.75 9.59 10
0.179 3.82 9.69 10
0.12 3.909 9.84 10
0.04 3.99 9.83 10
-0.089 4.009 9.969 10
-0.21 4.049 10.23 10
-0.34 4.06 10.48 10
-0.359 4.089 10.63 9
-0.44 3.889 11.429 10
-0.71 3.83 11.559 10
-0.84 3.74 11.53 10
-1.04 3.62 11.639 10
-1.199 3.36 11.67 10
-1.37 3.06 11.71 10
-1.339 2.909 11.61 10
-1.26 2.76 11.54 10
-1.29 2.629 11.389 10
-1.449 2.58 11.32 10
-1.569 2.61 11.349 10
-1.68 2.71 11.34 10
-1.77 2.69 11.559 10
-1.76 2.58 11.86 10
-1.67 2.46 12.05 10
-1.61 2.429 12.019 10
-1.579 2.34 11.63 10
-1.65 2.03 11.09 10
-1.66 1.77 10.55 10
-1.599 1.439 10.05 10
-1.439 1.209 9.84 10
-1.35 1.079 9.8 10
-1.23 1.28 9.46 10
-1.18 1.54 9.05 10
-1.28 1.719 8.73 10
-1.4 1.839 8.429 10
-1.459 1.9 8.16 10
-1.449 1.91 7.97 9
-1.36 1.939 7.94 10
-1.12 2.04 7.87 10
-1.0 2.129 7.85 10
-0.87 2.169 7.87 10
-0.859 2.25 7.89 10
-0.95 2.31 7.95 10
-1.05 2.429 8.029 10
-1.1 2.419 8.09 10
-1.1 2.379 8.04 10
-1.09 2.23 7.96 10
-1.0 2.09 8.069 10
-0.95 2.05 7.94 10
-0.909 2.12 7.87 10
-0.94 2.159 7.919 10
-0.969 2.3 8.12 10
-1.02 2.45 8.21 10
-1.18 2.58 8.33 10
-1.329 2.78 8.45 10
-1.4 2.96 8.49 10
-1.38 3.02 8.61 10
-1.319 3.01 8.58 10
-1.23 3.0 8.51 10
-1.12 3.01 8.49 10
-1.01 3.02 8.49 10
-0.909 3.09 8.5 10
-0.69 3.04 8.58 10
-0.61 3.06 8.74 9
-0.539 3.189 8.76 10
-0.51 3.409 8.75 10
-0.57 3.59 8.639 10
-0.62 3.649 8.67 10
-0.57 3.689 8.58 10
-0.56 3.699 8.61 10
-0.56 3.75 8.76 10
-0.58 3.87 8.82 10
-0.63 3.98 9.04 10
-0.69 4.04 9.309 10
-0.669 4.11 9.61 10
-0.76 4.11 10.03 10
-0.77 4.18 10.42 10
-0.82 4.24 10.79 10
-0.719 4.22 11.099 10
-0.719 4.1 11.469 10
-0.7 3.919 11.57 10
-0.61 3.76 11.679 10
-0.62 3.55 11.7 10
-0.65 3.389 11.66 10
-0.799 3.159 11.66 10
-0.87 3.07 11.62 10
-1.03 3.0 11.5 10
-1.17 2.909 11.49 10
-1.35 2.909 11.469 10
-1.439 2.929 11.41 10
-1.42 2.83 11.34 10
-1.26 2.679 11.19 9
-1.1 2.37 11.019 10
-0.969 2.09 10.78 10
-0.789 1.86 10.49 10
-0.59 1.709 10.21 10
-0.42 1.68 9.969 10
-0.37 1.66 9.75 10
-0.28 1.689 9.36 10
-0.26 1.76 9.2 10
-0.29 1.76 9.11 10
-0.24 1.8 9.08 10
-0.32 1.93 8.95 10
-0.32 2.08 8.74 10
-0.41 2.08 8.5 10
-0.44 1.969 8.309 10
-0.41 1.819 8.099 10
-0.329 1.689 7.94 10
-0.25 1.75 7.87 10
-0.229 1.8 7.839 10
-0.22 1.829 7.839 10
-0.31 2.02 8.069 10
-0.51 2.21 8.309 10
-0.58 2.389 8.4 10
-0.51 2.49 8.4 10
-0.52 2.419 8.44 10
-0.48 2.27 8.309 10
-0.329 2.139 8.189 10
-0.22 2.159 8.069 10
-0.179 2.2 8.0 9
-0.22 2.37 7.899 10
-0.25 2.48 7.799 10
-0.32 2.69 7.819 10
-0.39 2.879 7.96 10
-0.399 3.02 8.0 10
-0.44 3.11 8.09 10
-0.5 3.11 8.12 10
-0.51 2.99 8.23 10
-0.44 2.87 8.32 10
-0.41 2.889 8.349 10
-0.35 2.919 8.38 10
-0.329 3.06 8.38 10
-0.35 3.179 8.429 10
-0.41 3.429 8.5 10
-0.48 3.58 8.7 10
-0.58 3.84 8.86 10
-0.61 4.1 9.07 10
-0.659 4.31 9.33 10
-0.729 4.39 9.57 10
-0.859 4.48 9.769 10
-0.859 4.5 10.17 10
-0.87 4.49 10.41 10
-0.9 4.46 10.67 10
-0.89 4.4 10.91 10
-0.849 4.279 11.219 10
-0.89 4.15 11.45 10
-0.94 4.029 11.63 10
-1.04 4.02 11.719 9
-1.199 3.99 11.719 10
-1.449 3.919 11.73 10
-1.62 3.84 11.65 10
-1.76 3.659 11.519 10
-1.819 3.429 11.259 10
-1.9 3.28 11.16 10
-1.959 3.179 10.95 22
-2.03 3.08 10.849 10
-2.1 2.97 10.9 10
-2.07 2.82 10.99 10
-2.01 2.7 10.96 10
-1.91 2.51 10.82 10
-1.75 2.26 10.639 10
-1.49 1.86 10.25 10
-1.3 1.469 9.94 10
-1.1 1.069 9.599 10
-0.94 0.789 9.429 10
-0.95 0.799 9.349 9
-1.02 0.969 9.13 10
-1.18 1.26 8.82 10
-1.41 1.43 8.75 10
-1.56 1.66 8.63 10
-1.54 1.709 8.51 10
-1.39 1.77 8.41 10
-1.1 1.78 8.41 10
-1.0 1.8 8.48 10
-0.89 1.86 8.49 10
-0.84 1.99 8.51 10
-0.89 2.1 8.55 10
-0.9 2.139 8.58 10
-0.81 2.18 8.69 10
-0.83 2.28 8.78 10
-0.78 2.32 8.75 10
-0.77 2.34 8.67 10
-0.77 2.26 8.53 10
-0.789 2.31 8.37 10
-0.789 2.379 8.2 10
-0.83 2.429 8.109 10
-0.76 2.62 7.98 10
-0.7 2.83 7.99 10
-0.64 2.97 8.099 10
-0.57 3.149 8.09 10
-0.55 3.28 8.189 10
-0.59 3.409 8.149 10
-0.659 3.409 8.3 10
-0.599 3.35 8.4 10
-0.56 3.389 8.389 10
-0.459 3.33 8.37 10
-0.38 3.31 8.42 10
-0.45 3.32 8.5 10
-0.38 3.37 8.61 10
-0.47 3.5 8.69 10
-0.51 3.51 8.76 10
-0.599 3.58 8.82 10
-0.69 3.62 8.94 10
-0.77 3.659 9.08 10
-0.84 3.689 9.21 10
-0.82 3.78 9.38 10
-0.729 3.75 9.58 10
-0.789 3.8 9.87 10
-0.849 3.83 10.23 10
-0.93 3.77 10.63 10
-0.95 3.78 10.969 10
-0.979 3.76 11.269 10
-0.9 3.679 11.5 10
-0.89 3.62 11.67 10
-0.87 3.47 11.75 10
-0.89 3.37 11.769 10
-0.94 3.29 11.769 10
-0.919 3.12 11.82 10
-0.95 2.939 11.759 10
-1.069 2.73 11.719 10
-1.1 2.53 11.69 10
-1.13 2.47 11.66 10
-1.199 2.33 11.54 10
-1.25 2.169 11.349 10
-1.29 2.03 11.019 10
-1.24 1.81 10.639 10
-1.15 1.67 10.28 10
-1.0 1.43 9.95 10
-0.81 1.28 9.83 10
-0.71 1.209 9.769 10
-0.47 1.29 9.599 10
-0.38 1.41 9.5 10
-0.35 1.49 9.32 10
-0.29 1.599 9.24 10
-0.299 1.599 9.01 10
-0.26 1.599 8.75 10
-0.21 1.569 8.349 10
-0.179 1.52 8.09 10
-0.13 1.49 8.0 10
-0.089 1.56 8.0 10
-0.02 1.76 8.099 10
-0.01 1.91 8.2 9
-0.12 2.139 8.349 10
-0.25 2.27 8.51 10
-0.24 2.27 8.66 10
-0.179 2.1 8.65 10
-0.06 1.969 8.67 10
0.08 1.849 8.55 10
0.19 1.819 8.559 10
0.25 1.939 8.34 10
0.229 2.02 8.12 10
0.199 2.139 7.89 10
0.02 2.379 7.77 10
-0.11 2.659 7.779 10
-0.08 2.929 7.71 10
-0.149 3.05 7.98 10
-0.19 3.01 7.94 10
-0.049 2.879 8.019 10
-0.02 2.74 8.38 10
0.049 2.76 8.48 10
0.01 2.8 8.28 10
0.13 2.75 8.28 10
0.26 2.76 8.5 10
0.37 2.86 8.72 10
0.38 2.96 8.8 10
0.31 3.149 8.87 10
0.22 3.57 9.059 10
0.13 3.74 9.28 10
0.02 3.97 9.48 10
0.0 4.14 9.83 10
-0.07 4.29 9.96 10
-0.19 4.4 10.05 10
-0.29 4.509 10.309 10
-0.42 4.529 10.57 10
-0.51 4.54 10.79 10
-0.63 4.54 10.94 10
-0.74 4.45 11.24 10
-0.84 4.299 11.48 10
-0.93 4.13 11.71 10
-1.1 3.959 11.87 10
-1.3 3.82 12.009 10
-1.52 3.689 12.07 10
-1.62 3.5 12.04 10
-1.719 3.25 11.87 10
-1.79 2.99 11.63 10
-1.89 2.76 11.53 10
-1.959 2.629 11.41 10
-2.06 2.649 11.16 10
-2.129 2.74 10.95 10
-2.2 2.75 10.929 10
-2.22 2.77 10.96 10
-2.1 2.62 10.87 10
-1.99 2.379 10.79 10
-1.86 2.07 10.7 10
-1.829 1.68 10.469 10
-1.73 1.42 10.099 10
-1.68 1.199 9.769 10
-1.63 0.989 9.48 10
-1.579 0.81 9.17 10
-1.61 0.729 8.929 10
-1.62 0.7 8.74 10
-1.819 0.77 8.69 10
-1.91 0.989 8.69 10
-1.89 1.26 8.61 10
-1.819 1.42 8.5 10
-1.689 1.449 8.41 10
-1.5 1.41 8.42 10
-1.41 1.38 8.45 10
-1.24 1.42 8.49 10
-1.12 1.579 8.46 10
-1.09 1.66 8.51 10
-1.069 1.709 8.51 10
-1.02 1.719 8.62 10
-1.03 1.79 8.67 10
-1.0 1.88 8.599 10
-0.919 1.99 8.599 10
-0.89 2.05 8.48 10
-0.83 2.11 8.24 9
-0.77 2.139 8.08 10
-0.76 2.29 7.91 10
-0.789 2.409 7.799 10
-0.7 2.59 7.74 10
-0.64 2.77 7.79 10
-0.7 2.96 7.81 10
-0.69 3.12 7.95 10
-0.69 3.26 8.05 10
-0.729 3.33 8.099 10
-0.64 3.29 8.13 10
-0.62 3.24 8.179 10
-0.5 3.26 8.24 10
-0.51 3.28 8.29 10
-0.58 3.379 8.3 10
-0.7 3.49 8.37 10
-0.68 3.54 8.54 10
-0.71 3.659 8.7 10
-0.77 3.72 8.83 10
-0.859 3.8 9.0 10
-0.93 3.83 9.24 10
-1.04 3.899 9.45 10
-1.13 3.959 9.71 10
-1.22 4.0 9.99 10
-1.209 3.97 10.2 10
-1.199 3.919 10.5 10
-1.1 3.85 10.849 10
-1.04 3.81 11.25 10
-0.989 3.72 11.55 10
-0.95 3.74 11.83 10
-0.909 3.74 11.87 10
-0.989 3.58 11.92 10
-1.03 3.379 11.96 10
-0.989 3.07 11.88 10
-1.02 2.86 11.679 10
-1.11 2.7 11.44 10
-1.29 2.56 11.269 10
-1.41 2.51 10.94 10
-1.55 2.44 10.639 10
-1.67 2.35 10.57 10
-1.68 2.06 10.54 10
-1.689 1.829 10.69 10
-1.65 1.64 10.83 10
-1.48 1.579 10.83 10
-1.39 1.53 10.78 10
-1.29 1.43 10.58 10
-1.069 1.27 10.309 10
-0.84 0.989 9.96 10
-0.58 0.68 9.49 10
-0.34 0.599 9.179 10
-0.17 0.58 8.95 10
-0.14 0.799 8.72 10
-0.08 1.069 8.49 10
-0.11 1.36 8.26 10
-0.22 1.66 8.099 10
-0.34 1.849 8.069 10
-0.34 1.87 8.099 10
-0.269 1.87 8.149 10
-0.22 1.829 8.32 10
-0.269 1.78 8.34 10
-0.199 1.849 8.519 10
-0.179 1.93 8.66 10
-0.199 2.06 8.75 10
-0.22 2.23 8.76 10
-0.26 2.46 8.75 10
-0.229 2.6 8.67 10
-0.25 2.71 8.57 10
-0.269 2.659 8.44 10
-0.329 2.74 8.309 10
-0.35 2.77 8.109 10
-0.359 2.71 7.91 10
-0.45 2.61 7.87 10
-0.47 2.56 7.879 10
-0.5 2.62 7.7 10
-0.57 2.59 7.71 10
-0.62 2.56 7.75 9
-0.69 2.56 7.879 10
-0.7 2.69 8.029 10
-0.669 2.73 8.28 10
-0.62 2.79 8.38 10
-0.53 2.74 8.53 10
-0.42 2.77 8.679 10
-0.35 2.78 8.849 10
-0.42 2.909 9.04 10
-0.56 3.179 9.099 10
-0.75 3.409 9.309 10
-0.859 3.57 9.63 10
-0.95 3.78 9.9 10
-1.01 3.87 10.2 10
-1.069 4.02 10.559 10
-1.16 3.97 10.88 10
-1.17 3.85 11.29 10
-1.17 3.74 11.7 10
-1.18 3.6 11.969 10
-1.079 3.54 12.23 10
-1.189 3.34 12.429 10
-1.27 3.169 12.53 10
-1.41 3.04 12.54 10
-1.55 2.929 12.389 10
-1.66 2.87 12.2 10
-1.76 2.78 11.99 10
-1.88 2.6 11.8 10
-2.03 2.45 11.69 10
-2.07 2.44 11.54 10
-2.169 2.61 11.309 10
-2.21 2.73 11.03 10
-2.23 2.71 10.849 10
-2.11 2.54 10.63 10
-1.959 2.31 10.519 10
-1.73 2.02 10.4 10
-1.63 1.73 10.42 10
-1.55 1.569 10.36 10
-1.449 1.579 10.03 10
-1.43 1.56 9.469 10
-1.449 1.4 9.08 10
-1.54 1.28 8.65 10
-1.52 1.16 8.29 10
-1.53 1.1 8.099 10
-1.42 1.209 7.87 10
-1.41 1.29 7.899 10
-1.469 1.439 7.97 10
-1.52 1.64 7.96 10
-1.53 1.79 8.09 10
-1.61 1.79 8.21 10
-1.569 1.73 8.389 10
-1.42 1.67 8.44 10
-1.3 1.5 8.54 10
-1.22 1.41 8.69 10
-1.13 1.43 8.679 10
-1.16 1.48 8.63 10
-1.23 1.55 8.59 10
-1.329 1.65 8.54 10
-1.329 1.86 8.45 10
-1.329 1.93 8.44 10
-1.329 2.03 8.47 10
-1.189 2.129 8.47 10
-1.05 2.24 8.47 10
-1.02 2.389 8.44 10
-0.9 2.47 8.45 10
-0.859 2.6 8.46 10
-0.849 2.7 8.38 10
-0.81 2.76 8.559 10
-0.789 2.909 8.65 10
-0.87 3.06 8.69 10
-0.88 3.11 8.57 10
-0.919 3.07 8.54 10
-0.94 3.07 8.59 10
-0.93 3.06 8.44 10
-0.859 3.1 8.4 10
-0.77 3.159 8.429 10
-0.719 3.26 8.49 10
-0.719 3.389 8.65 9
-0.71 3.429 8.769 10
-0.69 3.55 8.929 10
-0.729 3.59 9.15 10
-0.799 3.649 9.51 10
-0.9 3.76 9.8 10
-0.87 3.81 10.19 10
-0.849 3.8 10.49 10
-0.859 3.76 10.82 10
-0.78 3.679 11.13 10
-0.75 3.61 11.42 10
-0.69 3.47 11.59 10
-0.68 3.409 11.769 10
-0.729 3.3 11.79 10
-0.84 3.189 11.75 10
-0.96 3.04 11.639 10
-1.03 2.909 11.49 10
-1.079 2.69 11.29 10
-1.1 2.5 11.11 10
-1.14 2.3 10.84 10
-1.189 2.24 10.63 10
-1.339 2.27 10.36 10
-1.29 2.22 10.219 10
-1.23 2.19 10.2 10
-1.15 2.04 10.24 10
-0.94 2.0 10.309 10
-0.729 1.979 10.37 10
-0.56 1.939 10.37 10
-0.53 1.849 10.139 10
-0.429 1.78 9.86 10
-0.38 1.73 9.55 10
-0.269 1.65 9.21 10
-0.14 1.49 9.04 10
-0.02 1.449 9.03 10
0.099 1.599 8.91 10
0.199 1.849 8.67 10
0.16 2.01 8.519 10
0.04 2.129 8.389 10
-0.03 2.159 8.309 10
-0.03 2.11 8.28 10
0.049 2.1 8.36 10
0.02 2.05 8.48 10
0.06 2.12 8.55 10
0.04 2.169 8.55 10
-0.07 2.22 8.599 10
-0.199 2.22 8.599 10
-0.22 2.23 8.65 10
-0.21 2.27 8.74 10
-0.11 2.3 8.79 10
-0.11 2.34 8.809 10
-0.08 2.429 8.69 10
-0.089 2.429 8.65 10
-0.11 2.389 8.559 10
-0.19 2.46 8.47 10
-0.22 2.419 8.54 10
-0.229 2.5 8.559 10
-0.299 2.57 8.49 10
-0.21 2.669 8.46 10
-0.12 2.77 8.55 10
0.03 2.929 8.58 10
0.24 3.09 8.53 10
0.42 3.23 8.61 10
0.5 3.36 8.75 10
0.56 3.5 8.86 10
0.53 3.649 9.019 10
0.52 3.79 9.15 10
0.489 3.72 9.3 10
0.38 3.77 9.44 10
0.17 3.81 9.58 10
-0.04 3.889 9.75 10
-0.229 3.8 9.92 10
-0.359 3.659 10.179 10
-0.42 3.57 10.37 10
-0.51 3.47 10.599 10
-0.51 3.37 10.86 10
-0.58 3.25 11.099 10
-0.669 3.21 11.309 9
-0.849 3.179 11.45 10
-1.05 3.179 11.46 10
-1.29 3.139 11.389 10
-1.49 3.06 11.3 10
-1.709 3.0 11.28 10
-1.89 2.85 11.269 10
-1.93 2.78 11.269 10
-1.939 2.7 11.179 10
-2.01 2.649 11.24 10
-1.969 2.57 11.3 10
-2.02 2.49 11.259 10
-2.07 2.54 11.2 10
-2.09 2.51 11.019 10
-2.05 2.399 10.92 10
-1.969 2.18 10.67 10
-1.79 1.89 10.61 10
-1.589 1.67 10.48 10
-1.35 1.66 10.16 10
-1.29 1.63 9.849 10
-1.38 1.66 9.61 10
-1.52 1.8 9.2 10
-1.54 1.77 8.86 10
-1.56 1.62 8.54 10
-1.459 1.449 8.34 10
-1.329 1.42 8.139 10
-1.319 1.52 8.08 10
-1.35 1.719 8.04 10
-1.43 1.979 8.05 10
-1.49 2.24 8.13 10
-1.48 2.35 8.269 10
-1.49 2.36 8.48 10
-1.469 2.31 8.69 10
-1.36 2.28 8.86 10
-1.25 2.19 8.98 10
-1.24 2.1 8.99 10
-1.18 2.04 9.09 10
-1.17 2.11 8.92 10
-1.15 2.12 8.88 10
-1.14 2.129 8.84 10
-1.16 2.18 8.7 10
-1.23 2.19 8.639 10
-1.209 2.27 8.599 10
-1.209 2.27 8.61 10
-1.22 2.31 8.639 10
-1.15 2.399 8.639 10
-1.1 2.47 8.62 10
-1.069 2.55 8.599 10
-0.969 2.629 8.54 10
-0.909 2.72 8.41 10
-0.83 2.72 8.29 10
-0.78 2.74 8.349 10
-0.68 2.81 8.309 10
-0.62 2.929 8.269 10
-0.56 3.0 8.25 10
-0.57 3.04 8.269 10
-0.52 3.07 8.34 10
-0.52 3.12 8.38 10
-0.47 3.189 8.44 10
-0.44 3.179 8.67 10
-0.47 3.28 8.84 10
-0.52 3.36 9.01 10
-0.5 3.419 9.269 10
-0.59 3.54 9.63 10
-0.58 3.55 10.0 10
-0.58 3.61 10.429 10
-0.55 3.659 10.82 10
-0.56 3.62 11.259 10
-0.599 3.639 11.59 10
-0.539 3.669 11.889 10
-0.56 3.639 12.04 10
-0.53 3.52 12.13 10
-0.459 3.409 12.15 10
-0.42 3.179 12.21 10
-0.34 3.03 12.0 10
-0.26 2.899 11.769 9
-0.429 2.76 11.58 10
-0.58 2.75 11.429 10
-0.7 2.71 11.349 10
-0.9 2.71 11.23 10
-0.94 2.639 11.0 10
-0.89 2.48 10.809 10
-0.9 2.3 10.63 10
-0.78 2.18 10.4 10
-0.659 2.05 10.2 10
-0.489 1.9 10.059 10
-0.24 1.719 10.09 10
-0.08 1.62 10.05 10
0.07 1.78 9.73 10
0.06 1.829 9.469 10
0.01 1.9 9.22 10
-0.04 1.92 8.9 10
0.04 1.939 8.849 10
0.06 1.91 8.88 10
0.179 2.11 8.69 10
0.17 2.31 8.66 10
0.03 2.429 8.73 10
0.0 2.49 8.76 10
-0.089 2.51 8.769 10
-0.07 2.44 8.82 10
-0.089 2.34 8.94 10
-0.06 2.33 9.08 10
-0.04 2.36 9.17 10
0.02 2.379 9.11 10
0.06 2.399 9.099 10
0.06 2.419 9.139 10
0.11 2.49 9.04 10
0.11 2.49 8.9 10
0.14 2.44 8.69 10
0.08 2.419 8.55 10
0.03 2.35 8.24 9
-0.02 2.31 8.179 9
0.03 2.36 8.059 10
0.0 2.57 8.0 10
-0.06 2.69 8.08 10
-0.03 2.75 8.16 10
0.149 2.74 8.109 10
0.29 2.639 8.179 10
0.56 2.6 8.28 10
0.68 2.55 8.109 10
0.71 2.62 8.01 10
0.659 2.75 8.04 10
0.59 3.02 7.98 10
0.45 3.27 8.019 10
0.31 3.48 8.04 10
0.26 3.669 8.22 10
0.29 3.75 8.36 10
0.24 3.79 8.45 10
0.17 3.899 8.51 10
0.13 4.0 8.67 10
0.049 4.1 8.889 10
-0.049 4.11 9.03 10
-0.08 4.14 9.37 10
-0.17 4.17 9.63 10
-0.25 4.22 9.87 10
-0.35 4.14 10.17 10
-0.34 4.029 10.65 10
-0.269 3.889 10.99 10
-0.34 3.909 11.259 10
-0.399 3.929 11.54 10
-0.5 3.81 11.65 10
-0.55 3.57 11.7 10
-0.56 3.26 11.74 10
-0.55 3.07 11.719 10
-0.65 2.87 11.679 10
-0.78 2.79 11.38 10
-0.95 2.71 11.269 10
-1.03 2.649 11.2 10
-1.1 2.62 10.969 10
-1.14 2.61 10.87 10
-1.16 2.54 10.74 10
-1.06 2.429 10.58 10
-0.9 2.19 10.38 10
-0.669 1.979 10.12 10
-0.53 1.73 9.82 10
-0.62 1.67 9.46 10
-0.76 1.839 9.12 10
-0.849 1.829 8.99 10
-0.919 1.839 8.889 10
-1.09 1.959 8.84 10
-1.16 2.21 8.769 10
-1.17 2.36 8.849 10
-1.15 2.52 8.88 10
-1.069 2.51 8.98 10
-0.859 2.46 9.03 10
-0.669 2.31 9.019 10
-0.55 2.2 9.03 10
-0.489 2.139 8.98 10
-0.459 2.05 8.91 10
-0.459 2.05 8.96 10
-0.41 2.03 8.98 10
-0.459 2.04 8.929 10
-0.48 2.06 8.98 10
-0.489 2.139 8.889 9
-0.55 2.31 8.73 10
-0.5 2.45 8.37 10
-0.48 2.45 8.069 10
-0.399 2.45 7.83 10
-0.38 2.48 7.779 10
-0.28 2.56 7.94 10
-0.31 2.74 8.17 10
-0.31 3.0 8.24 10
-0.32 3.189 8.33 10
-0.41 3.28 8.37 10
-0.399 3.23 8.48 10
-0.38 3.07 8.45 10
-0.28 2.919 8.309 10
-0.16 2.71 8.21 10
-0.08 2.679 8.13 10
-0.06 2.71 8.099 10
-0.099 2.85 8.05 10
-0.089 3.0 8.069 10
-0.16 3.139 8.109 10
-0.179 3.21 8.26 10
-0.199 3.27 8.519 10
-0.21 3.37 8.78 10
-0.14 3.389 8.92 10
-0.11 3.399 9.23 10
-0.07 3.419 9.63 10
-0.08 3.429 9.9 10
-0.12 3.439 10.23 10
-0.12 3.399 10.61 10
-0.04 3.29 11.05 10
-0.049 3.08 11.66 10
-0.049 3.03 12.25 10
0.03 3.0 12.719 10
0.0 3.02 12.98 10
-0.149 3.1 13.019 10
-0.26 2.99 12.929 10
-0.34 2.69 12.509 10
-0.35 2.32 12.099 10
-0.399 2.03 11.719 10
-0.459 1.91 11.5 10
-0.65 1.959 11.62 10
-0.76 2.11 11.53 10
-0.81 2.22 11.3 10
-0.87 2.09 11.17 10
-1.09 1.719 11.05 10
-1.24 1.39 11.11 10
-1.13 1.199 10.9 10
-0.83 1.15 10.51 10
-0.48 1.0 10.05 10
-0.14 0.77 9.55 10
0.14 0.55 9.07 10
0.459 0.35 8.75 10
0.719 0.24 8.65 10
0.9 0.329 8.69 10
1.0 0.51 8.7 10
0.989 0.75 8.559 10
0.87 1.02 8.429 10
0.719 1.02 8.25 10
0.7 0.969 8.12 10
0.71 0.89 7.96 10
0.859 0.76 7.73 10
0.909 0.599 7.64 9
0.93 0.52 7.69 10
0.87 0.65 7.69 10
0.909 0.849 7.68 10
0.88 1.11 7.669 10
0.83 1.3 7.77 10
0.799 1.48 7.95 10
0.71 1.589 8.13 10
0.7 1.689 8.429 10
0.71 1.719 8.62 10
0.87 1.77 8.849 10
0.94 1.75 9.019 10
0.969 1.74 9.2 10
1.069 1.74 9.21 10
1.209 1.73 9.22 10
1.23 1.819 9.13 10
1.22 1.88 9.22 10
1.189 2.02 9.07 10
1.189 2.159 8.94 10
1.17 2.25 8.88 10
1.12 2.35 8.86 10
1.12 2.45 8.82 10
1.12 2.5 8.67 10
1.13 2.6 8.67 10
1.04 2.76 8.73 10
0.919 2.939 8.809 10
0.83 3.11 8.9 10
0.659 3.35 9.17 10
0.399 3.54 9.349 10
0.19 3.689 9.55 10
-0.17 3.84 9.76 10
-0.5 3.929 9.84 10
-0.71 3.949 10.07 10
-0.969 3.85 10.28 10
-1.18 3.82 10.46 10
-1.36 3.79 10.82 10
-1.54 3.8 10.969 10
-1.66 3.84 11.2 10
-1.73 3.83 11.389 10
-1.839 3.669 11.519 10
-1.89 3.5 11.45 10
-1.79 3.179 11.5 10
-1.78 2.87 11.59 10
-2.0 2.6 11.82 10
-2.31 2.61 12.15 10
-2.48 2.73 12.309 10
-2.58 2.77 12.4 10
-2.29 2.55 12.38 10
-2.0 2.159 12.269 10
-1.48 1.719 12.2 10
-0.96 1.28 12.3 10
-0.59 0.859 12.28 10
-0.52 0.77 12.3 10
-0.57 0.82 12.11 10
-0.84 1.11 11.66 10
-1.38 1.48 11.259 10
-1.66 1.579 10.75 10
-1.689 1.38 10.0 10
-1.61 0.81 9.469 10
-1.42 0.28 9.19 10
-1.199 0.0 8.889 10
-1.209 0.03 8.7 10
-1.199 0.35 8.519 9
-1.3 0.77 8.269 10
-1.48 1.17 8.16 10
-1.449 1.35 8.16 10
-1.28 1.449 8.22 10
-1.079 1.49 8.36 10
-0.84 1.42 8.46 10
-0.76 1.339 8.41 10
-0.77 1.28 8.32 10
-0.859 1.27 8.25 10
-0.969 1.339 8.05 10
-1.05 1.39 7.899 10
-1.11 1.459 7.759 10
-1.209 1.569 7.669 10
-1.189 1.589 7.549 10
-1.15 1.78 7.529 10
-0.979 1.959 7.43 10
-0.88 2.04 7.33 10
-0.93 2.19 7.21 10
-0.9 2.29 7.0 10
-0.909 2.49 6.859 10
-0.87 2.629 6.7 10
-0.849 2.73 6.6 10
-0.789 2.889 6.67 10
-0.669 2.919 7.109 10
-0.599 2.98 7.629 10
-0.51 3.179 8.26 10
-0.489 3.35 9.04 10
-0.52 3.53 9.67 10
-0.7 3.76 10.059 10
-0.83 3.76 10.429 10
-0.9 3.629 10.61 10
-0.89 3.52 10.75 10
-0.799 3.36 10.87 10
-0.729 3.28 10.96 10
-0.69 3.28 11.03 10
-0.63 3.29 11.15 10
-0.63 3.36 11.2 10
-0.57 3.47 11.179 10
-0.53 3.449 11.2 10
-0.47 3.34 11.28 10
-0.22 3.189 11.38 10
0.0 2.97 11.469 10
0.13 2.77 11.429 10
0.179 2.73 11.179 10
0.089 2.71 11.03 10
0.0 2.639 10.94 10
0.0 2.55 10.83 10
-0.049 2.45 10.76 10
-0.21 2.32 10.71 10
-0.399 2.28 10.769 10
-0.489 2.33 10.75 10
-0.61 2.25 10.769 10
-0.69 2.08 10.8 10
-0.63 1.8 10.889 10
-0.59 1.53 11.13 10
-0.52 1.42 11.2 10
-0.52 1.329 11.19 10
-0.39 1.3 11.099 10
-0.25 1.17 10.88 10
-0.08 1.069 10.349 10
0.07 0.979 9.889 9
0.17 1.0 9.37 10
0.19 1.09 9.12 10
0.269 1.189 8.83 10
0.38 1.37 8.67 10
0.399 1.54 8.62 10
0.47 1.719 8.48 10
0.41 1.979 8.32 10
0.35 2.12 8.179 10
0.269 2.07 8.12 10
0.22 1.99 8.109 10
0.16 2.02 8.109 10
0.179 2.03 8.12 10
0.04 2.02 8.23 10
0.01 2.1 8.26 10
-0.02 2.2 8.349 10
-0.089 2.3 8.349 10
-0.13 2.33 8.389 10
-0.29 2.44 8.45 10
-0.42 2.55 8.33 10
-0.55 2.57 8.22 10
-0.65 2.54 8.179 10
-0.64 2.55 8.05 10
-0.74 2.59 8.01 10
-0.69 2.7 8.069 10
-0.71 2.87 8.139 10
-0.64 3.12 8.139 10
-0.65 3.3 8.22 10
-0.7 3.439 8.34 10
-0.669 3.54 8.519 10
-0.65 3.61 8.79 10
-0.47 3.679 9.03 10
-0.38 3.86 9.26 10
-0.31 3.919 9.469 10
-0.25 3.949 9.469 10
-0.28 3.83 9.62 10
-0.31 3.78 9.71 10
-0.229 3.76 9.8 10
-0.22 3.73 9.99 10
-0.299 3.78 10.11 10
-0.399 3.939 10.17 10
-0.53 4.029 10.33 10
-0.65 4.069 10.63 10
-0.65 3.929 10.82 10
-0.659 3.82 11.0 10
-0.71 3.629 11.24 10
-0.74 3.48 11.53 10
-0.799 3.379 11.69 10
-0.76 3.27 11.679 10
-0.849 3.11 11.53 10
-0.95 3.01 11.46 10
-1.15 2.95 11.519 10
-1.24 2.95 11.48 10
-1.319 2.96 11.42 10
-1.48 2.87 11.53 10
-1.589 2.76 11.55 10
-1.76 2.76 11.63 10
-1.719 2.75 11.55 10
-1.709 2.76 11.32 10
-1.469 2.62 10.95 10
-1.5 2.379 10.69 10
-1.43 2.06 10.12 10
-1.31 1.89 9.82 9
-1.199 1.81 9.889 10
-1.12 1.86 9.65 10
-1.16 1.979 9.17 10
-1.27 2.0 8.849 10
-1.43 1.839 8.639 10
-1.459 1.719 8.36 10
-1.49 1.589 8.2 10
-1.54 1.52 8.149 10
-1.569 1.53 8.17 10
-1.62 1.68 8.17 10
-1.599 1.719 8.25 10
-1.52 1.719 8.28 10
-1.42 1.65 8.41 10
-1.339 1.64 8.53 10
-1.25 1.589 8.51 10
-1.1 1.579 8.44 10
-1.079 1.53 8.33 10
-1.03 1.459 8.17 10
-1.0 1.449 8.0 10
-1.02 1.439 7.839 10
-1.01 1.48 7.64 10
-0.979 1.589 7.529 10
-0.94 1.77 7.39 10
-0.81 2.01 7.419 10
-0.82 2.22 7.49 10
-0.78 2.399 7.58 10
-0.789 2.62 7.779 10
-0.81 2.889 7.93 10
-0.849 3.06 7.93 10
-0.84 3.1 8.019 10
-0.84 3.08 8.13 10
-0.74 3.05 8.08 10
-0.59 2.98 8.13 10
-0.539 2.98 8.26 10
-0.47 3.169 8.309 10
-0.48 3.37 8.26 10
-0.489 3.53 8.38 10
-0.599 3.699 8.42 10
-0.799 3.81 8.57 10
-0.87 3.949 8.74 10
-0.96 4.009 8.86 10
-0.95 4.009 9.059 10
-0.94 3.87 9.42 10
-0.87 3.79 9.74 10
-0.68 3.73 10.15 10
-0.539 3.72 10.45 10
-0.47 3.58 10.82 10
-0.45 3.51 11.269 10
-0.399 3.47 11.67 10
-0.47 3.399 11.929 10
-0.52 3.379 12.179 10
-0.61 3.3 12.309 10
-0.65 3.25 12.389 10
-0.64 3.07 12.389 10
-0.62 2.71 12.28 10
-0.599 2.51 12.099 10
-0.69 2.389 11.95 10
-0.77 2.389 11.75 10
-0.87 2.429 11.55 10
-0.88 2.45 11.259 10
-0.93 2.44 10.849 10
-0.909 2.29 10.37 9
-0.78 2.1 9.99 10
-0.69 1.719 9.94 10
-0.459 1.55 10.09 10
-0.25 1.599 10.37 10
-0.11 1.709 10.5 10
-0.01 1.89 10.51 10
0.0 1.99 10.38 10
0.06 1.86 10.19 10
0.16 1.599 9.92 10
0.429 1.339 9.41 10
0.68 1.11 9.059 10
0.7 1.06 8.63 10
0.89 0.979 8.61 10
0.539 1.09 8.389 10
0.29 1.209 8.16 10
0.049 1.459 8.189 10
-0.16 1.64 8.44 10
-0.28 1.76 8.59 10
-0.199 1.76 8.73 10
-0.049 1.579 8.849 10
0.01 1.339 8.88 10
0.359 1.28 8.83 10
0.64 1.26 8.72 10
0.78 1.31 8.54 10
0.859 1.329 8.24 10
0.69 1.439 7.98 10
0.56 1.599 7.81 10
0.51 1.77 7.74 10
0.489 1.99 7.66 10
0.489 2.08 7.52 10
0.45 1.99 7.6 10
0.399 1.92 7.899 10
0.429 1.959 8.16 10
0.5 2.12 8.349 10
0.55 2.3 8.41 10
0.5 2.419 8.26 10
0.489 2.56 8.09 10
0.599 2.62 8.05 10
0.65 2.73 8.4 10
0.81 2.86 8.61 10
0.78 3.1 9.05 10
0.63 3.399 9.46 10
0.359 3.77 9.719 10
0.049 4.11 9.82 10
-0.049 4.25 10.019 10
-0.16 4.27 10.25 10
-0.14 4.19 10.54 10
-0.11 4.029 10.84 10
-0.099 3.919 11.17 10
-0.089 3.83 11.54 10
-0.089 3.87 11.95 10
-0.13 3.81 12.309 10
-0.19 3.689 12.61 10
-0.199 3.62 12.769 10
-0.44 3.5 12.679 10
-0.729 3.439 12.46 10
-1.02 3.3 12.219 10
-1.24 3.1 11.92 10
-1.29 2.899 11.559 10
-1.319 2.74 11.24 10
-1.329 2.639 10.83 9
-1.39 2.59 10.7 10
-1.37 2.53 10.559 10
-1.23 2.47 10.679 10
-0.95 2.2 11.219 10
-0.76 2.05 11.55 10
-0.7 1.819 11.54 10
-0.61 1.64 11.349 10
-0.539 1.319 11.019 10
-0.42 0.96 10.519 10
-0.269 0.61 9.98 10
-0.35 0.37 9.69 10
-0.47 0.32 9.429 10
-0.61 0.489 9.099 10
-0.719 0.78 8.94 10
-0.849 1.1 8.95 10
-0.94 1.49 8.769 10
-0.969 1.699 8.809 10
-1.02 1.819 8.83 10
-0.89 1.75 8.82 10
-0.659 1.569 8.83 10
-0.489 1.37 8.769 10
-0.48 1.26 8.67 10
-0.459 1.339 8.49 10
-0.44 1.469 8.41 10
-0.539 1.74 8.269 10
-0.69 2.19 8.23 10
-0.859 2.73 8.16 10
-1.01 2.97 8.149 9
-1.03 3.1 8.019 10
-0.979 3.0 7.94 10
-0.87 2.73 7.74 10
-0.7 2.399 7.52 10
-0.48 2.06 7.569 10
-0.26 1.79 7.93 10
-0.12 1.78 8.25 10
0.01 1.78 8.34 10
0.08 1.91 8.41 10
0.01 1.99 8.309 10
-0.099 2.02 8.189 10
-0.22 2.129 8.099 10
-0.37 2.24 8.08 10
-0.39 2.27 7.96 10
-0.34 2.26 7.95 10
-0.42 2.3 8.01 10
-0.359 2.379 8.13 10
-0.31 2.53 8.389 10
-0.21 2.69 8.69 10
-0.199 2.73 9.05 10
-0.41 2.96 9.599 10
-0.539 3.199 10.019 10
-0.69 3.419 10.309 10
-0.81 3.49 10.79 10
-0.76 3.5 11.29 10
-0.64 3.52 11.679 10
-0.57 3.59 12.099 10
-0.539 3.689 12.33 10
-0.539 3.679 12.509 10
-0.57 3.629 12.57 10
-0.57 3.449 12.61 10
-0.68 3.29 12.45 10
-0.789 3.199 12.17 10
-0.9 3.08 11.929 10
-1.01 2.97 11.679 10
-1.02 2.98 11.559 10
-1.02 2.82 11.5 10
-0.979 2.58 11.61 10
-0.87 2.44 11.78 10
-0.669 2.45 11.71 9
-0.669 2.389 11.41 10
-0.41 2.169 10.95 10
-0.12 2.04 10.42 2
0.24 1.9 9.94 10
0.539 1.709 9.8 10
0.64 1.54 9.87 10
0.74 1.689 9.73 10
0.77 2.06 9.5 10
0.599 2.27 9.29 10
0.34 2.37 9.19 10
0.24 2.46 8.92 10
0.19 2.37 8.72 9
0.269 2.139 8.46 10
0.359 1.939 8.24 10
0.53 1.81 8.059 10
0.659 1.78 7.87 10
0.71 1.8 7.71 10
0.58 1.829 7.47 10
0.47 1.839 7.279 10
0.459 1.9 7.2 10
0.47 2.03 7.12 10
0.399 2.12 6.98 10
0.34 2.29 6.87 10
0.179 2.47 6.879 10
0.099 2.54 6.74 10
0.07 2.51 6.64 10
0.0 2.47 6.62 10
-0.049 2.51 6.71 10
-0.04 2.6 6.94 10
0.02 2.669 7.06 10
0.08 2.83 7.25 10
0.13 2.96 7.529 10
0.11 3.07 7.73 10
0.21 3.159 7.919 10
0.179 3.24 8.069 10
0.199 3.33 8.179 10
0.17 3.46 8.269 10
0.089 3.49 8.24 10
-0.01 3.53 8.33 10
-0.13 3.72 8.429 10
-0.13 3.87 8.73 9
-0.12 4.08 8.99 10
-0.22 4.36 9.309 10
-0.399 4.61 9.74 10
-0.53 4.759 10.33 10
-0.55 4.799 10.719 10
-0.61 4.83 11.07 10
-0.76 4.56 11.66 10
-0.96 4.33 11.84 10
-1.24 3.98 12.009 10
-1.569 3.83 12.12 10
-1.88 3.82 12.17 10
-2.09 3.79 12.23 10
-2.149 3.82 12.32 10
-2.129 3.8 12.429 10
-1.93 3.61 12.61 10
-1.63 3.449 12.759 10
-1.23 3.36 12.7 10
-1.04 3.35 12.48 10
-0.94 3.3 12.21 10
-0.9 2.98 12.219 10
-0.719 2.74 12.17 10
-0.51 2.49 12.11 10
-0.32 2.159 11.889 10
-0.24 1.92 11.429 10
-0.199 1.719 10.82 10
-0.25 1.569 10.099 10
-0.29 1.52 9.36 10
-0.359 1.53 8.9 9
-0.359 1.579 8.42 10
-0.35 1.68 8.08 10
-0.329 1.839 7.73 10
-0.399 1.939 7.569 10
-0.42 1.99 7.6 10
-0.44 2.0 7.6 10
-0.38 1.939 7.58 10
-0.429 1.839 7.56 10
-0.45 1.77 7.68 10
-0.489 1.77 7.7 10
-0.51 1.75 7.819 10
-0.489 1.699 8.04 10
-0.35 1.66 8.2 10
-0.22 1.77 8.24 10
-0.099 1.91 8.29 10
0.0 2.06 8.3 10
-0.049 2.159 8.24 10
-0.14 2.29 8.13 10
-0.26 2.429 7.99 10
-0.38 2.59 7.75 10
-0.35 2.73 7.589 10
-0.35 2.78 7.6 10
-0.29 2.74 7.66 10
-0.229 2.75 7.759 10
-0.179 2.909 7.85 10
-0.26 3.08 7.99 10
-0.38 3.26 8.3 10
-0.39 3.23 8.519 9
-0.28 3.129 8.519 10
-0.199 3.05 8.48 10
-0.12 3.0 8.33 10
-0.13 3.12 8.309 10
-0.16 3.33 8.25 10
-0.149 3.52 8.29 10
-0.11 3.58 8.63 10
-0.16 3.659 8.91 10
-0.229 3.81 9.03 10
-0.229 3.879 9.28 10
-0.35 4.029 9.61 10
-0.51 4.15 9.91 10
-0.57 4.29 10.32 10
-0.5 4.4 10.67 10
-0.31 4.259 11.0 10
-0.02 4.0 11.309 10
0.24 3.649 11.519 10
0.269 3.379 11.75 10
0.21 3.34 11.8 10
0.16 3.399 11.92 10
-0.12 3.35 12.03 10
-0.52 3.24 11.98 10
-0.659 3.04 12.03 10
-0.799 2.76 11.87 10
-0.859 2.47 11.75 10
-0.93 2.11 11.7 10
-1.02 1.93 11.63 10
-1.13 1.819 11.679 10
-1.16 1.76 11.74 9
-1.079 1.74 11.61 10
-0.95 1.67 11.45 10
-0.87 1.53 11.19 10
-0.799 1.4 10.889 10
-0.659 1.23 10.519 10
-0.429 1.12 10.059 10
-0.12 0.93 9.82 10
0.13 0.71 9.71 10
0.329 0.64 9.34 10
0.359 0.61 9.15 10
0.28 0.599 9.17 10
0.24 0.82 9.0 10
0.24 1.11 8.65 10
0.22 1.26 8.36 10
0.16 1.23 8.309 10
0.14 1.16 8.2 10
0.25 1.199 8.08 10
0.17 1.329 8.05 10
0.17 1.52 8.04 10
0.06 1.73 8.149 10
-0.17 1.86 8.17 10
-0.31 1.969 8.28 10
-0.35 2.03 8.25 10
-0.45 1.89 8.16 10
-0.459 1.68 8.04 10
-0.57 1.54 7.99 10
-0.59 1.689 7.91 10
-0.659 1.87 7.79 9
-0.82 2.06 7.589 10
-0.96 2.2 7.48 10
-1.01 2.27 7.509 10
-0.909 2.3 7.54 10
-0.83 2.35 7.589 10
-0.7 2.379 7.79 10
-0.56 2.429 8.0 10
-0.5 2.56 8.109 10
-0.599 2.74 8.389 10
-0.659 2.929 8.73 10
-0.729 3.12 8.95 10
-0.7 3.35 9.019 10
-0.69 3.49 9.13 10
-0.719 3.57 9.28 10
-0.84 3.699 9.5 10
-0.849 3.929 9.63 10
-0.9 4.21 9.91 10
-1.05 4.45 10.38 10
-1.29 4.62 10.98 10
-1.35 4.72 11.54 10
-1.35 4.5 12.139 10
-1.41 4.27 12.759 10
-1.469 3.949 13.19 10
-1.63 3.429 13.28 10
-1.81 2.85 13.33 10
-2.159 2.35 13.309 10
-2.45 2.09 13.23 10
-2.58 2.129 12.849 9
-2.669 2.2 12.65 10
-2.76 2.29 12.23 10
-2.72 2.389 12.07 10
-2.629 2.46 11.95 10
-2.419 2.55 11.46 10
-2.29 2.44 10.91 10
-2.01 1.959 10.26 10
-1.76 1.28 9.86 10
-1.579 0.71 9.53 10
-1.38 0.359 9.17 10
-1.319 0.28 8.679 10
-1.469 0.25 8.29 10
-1.689 0.28 8.099 10
-1.86 0.22 7.96 10
-1.979 0.24 7.95 10
-2.12 0.31 7.93 10
-2.07 0.51 7.93 10
-2.09 0.78 8.08 10
-2.08 0.93 8.179 10
-1.99 1.0 8.24 10
-1.76 0.989 8.42 10
-1.53 0.909 8.519 10
-1.31 0.9 8.58 10
-1.28 0.9 8.769 10
-1.3 1.079 9.09 10
-1.36 1.469 9.29 10
-1.469 1.78 9.2 10
-1.61 1.87 9.139 10
-1.589 1.92 9.099 9
-1.36 1.99 8.99 10
-1.27 2.23 8.41 10
-1.17 2.31 8.21 10
-1.09 2.409 8.109 10
-1.13 2.669 8.019 10
-1.23 3.0 7.95 10
-1.189 3.34 8.069 10
-1.319 3.49 8.16 10
-1.48 3.57 8.179 10
-1.62 3.689 8.149 10
-1.92 3.73 8.48 10
-2.06 3.49 9.08 10
-1.939 3.24 9.7 10
-1.76 3.28 9.75 10
-1.16 4.15 8.98 10
-0.849 3.649 9.0 10
-0.659 3.09 8.97 10
-0.48 2.73 8.639 10
0.87 2.37 9.26 10
0.5 2.889 10.0 10
0.859 3.37 11.019 10
-0.39 3.149 11.36 10
-0.84 2.5 11.099 10
0.08 3.32 9.98 10
0.02 4.81 8.49 10
-0.24 4.21 9.349 10
-0.459 3.87 10.48 10
-0.29 3.86 11.75 9
0.5 4.19 12.21 10
1.31 4.21 12.799 10
1.92 3.689 12.34 10
1.81 3.26 11.889 10
1.67 2.98 11.3 10
1.709 3.1 11.12 10
1.15 4.069 11.759 10
1.02 3.98 11.91 10
1.719 3.34 11.29 10
2.23 3.31 10.26 10
2.419 3.54 9.67 10
2.399 3.98 9.61 10
2.5 2.99 9.59 10
2.909 1.53 9.62 10
3.27 1.39 9.71 10
3.08 1.969 8.83 10
2.54 1.979 7.69 10
1.969 1.48 6.49 10
1.5 0.399 5.67 10
0.93 1.949 7.39 10
1.09 3.189 5.109 10
3.74 5.52 9.95 10
3.169 2.919 6.79 10
2.58 0.17 5.569 10
2.08 -0.82 4.14 10
2.5 -0.81 5.44 10
2.8 -0.77 6.14 10
2.889 -0.94 6.18 9
2.909 -1.199 5.91 10
2.649 -1.38 6.21 10
2.54 -0.93 7.73 10
2.429 -0.849 7.91 10
2.23 -0.849 6.75 10
2.28 -0.51 5.839 10
2.59 -0.049 6.299 10
2.81 0.719 7.95 10
2.77 1.26 9.309 10
2.72 1.23 9.11 10
2.74 1.13 8.679 10
2.7 0.859 8.599 10
2.73 0.45 8.389 10
2.48 0.179 8.099 10
1.829 1.02 7.81 10
1.65 1.49 7.7 10
1.43 2.23 8.73 10
0.729 2.679 9.24 10
0.75 1.579 8.98 10
1.579 0.29 8.97 10
2.49 -0.089 8.95 10
2.77 0.0 9.04 10
2.51 0.19 9.09 10
2.379 0.32 8.99 10
1.81 0.989 8.98 10
1.43 1.199 8.63 10
1.22 1.5 9.03 10
1.28 2.0 9.49 10
1.319 2.22 9.83 9
1.99 1.51 10.28 10
2.139 1.11 10.45 10
2.02 0.909 11.3 10
1.949 0.61 12.11 10
2.7 -0.39 12.75 10
3.21 -1.17 13.49 10
3.389 -0.61 13.549 10
2.97 -1.01 13.37 10
2.73 -0.75 13.759 10
2.73 -0.83 13.63 10
2.71 -1.15 13.519 10
2.71 -1.5 13.349 10
2.76 -1.329 13.16 10
2.79 -0.71 12.86 10
2.59 0.149 12.65 10
2.62 0.459 12.349 10
2.74 0.17 11.92 10
2.79 -0.29 11.3 10
2.879 -0.76 10.969 10
3.06 -1.02 11.099 10
3.27 -1.449 11.13 10
3.59 -2.33 10.9 10
3.649 -2.52 10.26 10
3.429 -2.62 9.79 10
3.139 -2.669 9.179 10
2.71 -2.6 8.4 10
2.36 -2.52 7.77 10
1.949 -2.48 7.1 9
1.66 -2.379 6.6 10
1.579 -2.26 6.19 10
1.5 -2.129 5.98 10
1.36 -2.06 5.85 10
1.52 -2.04 5.64 10
1.599 -2.27 5.7 10
1.79 -2.44 5.96 10
1.93 -2.49 6.21 10
2.11 -2.629 6.41 10
2.12 -2.76 6.49 10
2.02 -2.81 6.49 10
2.159 -2.95 6.35 10
2.25 -2.919 6.2 10
2.429 -2.97 6.08 10
2.56 -3.05 5.779 10
2.669 -3.139 5.569 10
2.899 -3.129 5.299 10
3.24 -3.01 5.12 10
3.51 -3.07 5.109 10
3.82 -3.129 5.22 10
4.18 -3.189 5.52 10
4.49 -3.199 5.66 10
4.819 -3.36 5.71 10
5.109 -3.56 5.799 10
5.33 -3.76 5.819 10
5.64 -4.06 5.58 10
5.95 -4.339 5.58 10
6.339 -4.39 5.49 10
6.7 -4.56 5.509 9
7.0 -4.839 5.27 10
7.22 -4.88 5.16 10
7.649 -5.12 5.13 10
8.23 -5.54 5.089 10
8.9 -5.99 5.16 10
9.67 -6.42 5.24 10
10.19 -6.7 5.25 10
10.62 -6.899 5.38 10
10.94 -7.1 5.569 10
11.21 -7.529 5.549 10
11.46 -7.629 5.629 10
11.7 -7.68 5.49 10
11.8 -7.89 5.279 10
11.849 -8.269 5.16 10
11.71 -8.32 5.17 10
11.65 -8.53 5.02 10
11.66 -8.84 5.049 10
11.769 -9.019 4.87 10
11.679 -8.86 4.61 10
11.36 -8.59 4.54 10
11.17 -8.519 4.43 10
10.969 -8.48 4.299 10
10.86 -8.38 4.04 10
10.74 -8.23 3.78 10
10.51 -7.71 3.51 10
10.17 -7.06 3.34 10
9.62 -6.47 3.04 10
9.059 -5.83 2.87 9
8.429 -5.069 2.629 10
7.81 -4.4 2.48 10
7.379 -4.049 2.33 10
7.049 -4.049 2.06 10
6.87 -4.17 1.709 10
6.83 -4.2 1.51 10
6.75 -4.36 1.36 10
6.549 -4.56 1.06 10
6.52 -4.839 1.05 10
6.47 -4.98 0.9 10
6.37 -5.13 0.83 10
6.23 -5.29 0.83 10
5.96 -5.37 0.849 10
5.87 -5.37 0.84 10
5.779 -5.42 0.909 10
5.91 -5.39 1.03 10
6.1 -5.549 1.01 10
6.08 -5.569 1.0 10
5.97 -5.589 0.96 10
5.819 -5.47 0.96 10
5.71 -5.39 0.979 10
5.759 -5.35 0.909 10
5.839 -5.38 0.859 10
5.859 -5.35 0.81 10
5.89 -5.43 0.68 10
5.85 -5.45 0.62 10
5.79 -5.4 0.69 10
5.72 -5.21 0.729 9
5.759 -5.2 0.71 10
5.98 -5.279 0.88 10
6.259 -5.25 0.81 10
6.44 -5.24 0.669 10
6.589 -5.31 0.57 10
6.72 -5.47 0.51 10
6.83 -5.509 0.52 10
6.899 -5.37 0.59 10
6.98 -5.25 0.459 10
7.08 -5.319 0.099 10
7.27 -5.39 0.02 10
7.49 -5.54 0.0 10
7.64 -5.69 -0.06 10
7.89 -5.96 0.179 10
8.28 -6.44 0.459 10
8.48 -7.009 0.19 10
8.41 -7.419 0.65 10
8.519 -7.71 1.54 10
8.76 -8.029 1.51 10
8.96 -8.42 1.64 10
9.0 -8.48 2.08 10
9.04 -8.48 2.21 10
9.11 -8.62 2.36 10
9.22 -8.88 2.53 10
9.37 -9.139 2.61 10
9.62 -9.37 2.629 10
9.76 -9.48 2.51 10
9.849 -9.5 2.379 10
9.929 -9.349 2.28 9
9.87 -9.099 2.06 10
9.84 -8.82 2.0 10
9.87 -8.49 1.979 10
9.83 -8.36 1.969 10
9.63 -8.029 2.08 10
9.309 -7.6 2.02 10
8.76 -7.06 2.02 10
8.29 -6.47 2.05 10
7.759 -6.109 2.0 10
7.2 -5.799 2.0 10
6.73 -5.71 1.86 10
6.35 -5.69 1.79 10
5.98 -5.81 1.61 10
5.81 -5.98 1.579 10
5.71 -6.1 1.53 10
5.69 -6.27 1.579 10
5.71 -6.46 1.589 10
5.75 -6.629 1.709 10
5.799 -6.859 1.87 10
5.879 -7.0 2.02 10
5.879 -7.1 2.149 10
5.85 -7.08 2.45 10
5.9 -6.95 2.62 10
5.819 -6.899 2.73 10
5.74 -6.72 2.77 10
5.69 -6.52 2.79 10
5.68 -6.31 2.659 10
5.65 -6.18 2.54 9
5.67 -6.089 2.28 10
5.73 -6.04 2.02 10
5.759 -5.91 1.849 10
5.77 -6.0 1.74 10
5.819 -6.08 1.68 10
5.79 -5.98 1.54 10
5.79 -5.97 1.43 10
5.72 -5.81 1.4 10
5.62 -5.65 1.4 10
5.65 -5.6 1.459 10
5.65 -5.52 1.48 10
5.58 -5.48 1.42 10
5.48 -5.46 1.36 10
5.529 -5.42 1.28 10
5.569 -5.5 1.22 10
5.67 -5.65 1.13 10
5.83 -5.819 1.069 10
6.02 -6.12 1.01 10
6.22 -6.299 0.989 10
6.37 -6.42 0.989 10
6.42 -6.399 0.83 10
6.73 -6.29 0.45 10
7.1 -6.6 0.729 10
7.33 -7.04 0.7 10
7.74 -7.46 0.71 10
7.799 -7.919 0.53 10
7.99 -8.25 0.44 10
8.34 -8.58 0.58 9
8.49 -8.8 0.78 10
8.55 -8.88 0.74 10
8.55 -8.66 0.55 10
8.75 -8.4 0.44 10
9.16 -8.49 0.55 10
9.38 -8.679 0.179 10
9.639 -8.41 0.02 10
9.75 -7.93 0.02 10
9.76 -7.64 0.08 10
9.849 -7.43 0.13 10
9.95 -7.19 0.08 20
9.889 -6.819 0.0 10
9.65 -6.18 -0.089 10
9.349 -5.529 -0.049 10
9.09 -5.27 0.19 10
8.87 -5.259 0.39 10
8.74 -5.4 0.52 10
8.69 -5.56 0.69 10
8.75 -5.66 0.799 10
8.7 -5.65 0.989 10
8.51 -5.66 1.09 10
8.28 -5.69 1.24 10
8.099 -5.77 1.319 9
7.93 -5.759 1.41 10
7.72 -5.81 1.54 10
7.52 -5.859 1.61 10
7.25 -5.96 1.66 10
7.04 -5.96 1.73 10
6.77 -5.96 1.67 10
6.569 -6.109 1.61 10
6.29 -6.009 1.63 10
6.089 -5.98 1.52 10
5.89 -6.1 1.51 10
5.67 -6.08 1.35 10
5.629 -6.069 1.15 10
5.62 -6.24 1.11 10
5.64 -6.379 1.01 10
5.629 -6.39 0.95 10
5.69 -6.359 0.89 10
5.74 -6.379 0.859 10
5.89 -6.45 0.909 10
5.92 -6.49 0.95 10
6.089 -6.48 0.919 10
6.23 -6.5 1.0 10
6.339 -6.5 1.0 10
6.29 -6.35 1.079 10
6.129 -6.089 1.13 10
6.08 -5.9 1.17 10
6.12 -5.799 1.209 10
6.16 -5.72 1.17 10
6.16 -5.629 1.12 10
6.17 -5.69 0.96 10
6.25 -5.819 0.9 10
6.379 -5.96 0.799 10
6.549 -6.15 0.599 10
6.62 -6.279 0.48 10
6.72 -6.25 0.47 10
6.819 -6.22 0.37 10
6.89 -6.18 0.42 10
6.96 -6.21 0.45 10
7.08 -6.31 0.61 10
7.19 -6.399 0.789 10
7.359 -6.509 0.799 10
7.47 -6.609 0.919 10
7.64 -6.819 1.0 10
7.799 -7.109 1.11 10
7.93 -7.18 1.13 10
8.019 -7.359 1.189 10
8.019 -7.5 1.25 10
8.139 -7.64 1.339 10
8.189 -7.69 1.5 10
8.26 -7.879 1.63 10
8.44 -8.13 1.74 10
8.55 -8.38 1.8 10
8.69 -8.72 1.849 10
8.82 -8.97 1.979 10
8.83 -9.15 2.06 10
8.72 -9.23 2.169 10
8.65 -9.309 2.399 10
8.54 -9.3 2.51 10
8.46 -9.4 2.54 10
8.3 -9.36 2.58 10
8.05 -9.05 2.55 10
7.77 -8.76 2.51 9
7.46 -8.599 2.429 10
7.339 -8.66 2.379 10
7.2 -8.769 2.419 10
7.04 -8.72 2.409 10
6.759 -8.62 2.379 10
6.44 -8.599 2.45 10
6.12 -8.53 2.58 10
5.83 -8.4 2.679 10
5.569 -8.33 2.81 10
5.24 -8.17 2.919 10
4.99 -7.97 2.85 10
4.859 -7.83 2.899 10
4.88 -7.779 2.83 10
4.95 -7.839 2.82 10
4.97 -7.81 2.71 10
4.98 -7.77 2.639 10
4.95 -7.68 2.669 10
4.87 -7.54 2.629 10
4.759 -7.48 2.679 10
4.6 -7.47 2.639 10
4.52 -7.39 2.52 10
4.43 -7.359 2.44 10
4.43 -7.27 2.429 10
4.41 -7.23 2.33 10
4.41 -7.23 2.22 10
4.5 -7.129 2.29 10
4.569 -7.02 2.27 10
4.6 -6.99 2.22 10
4.64 -6.91 2.159 10
4.7 -6.89 2.12 10
4.759 -6.94 2.139 10
4.83 -6.96 2.1 10
4.859 -6.91 2.149 10
4.96 -6.89 2.2 10
5.13 -6.94 2.25 10
5.31 -6.94 2.26 10
5.41 -6.95 2.26 10
5.58 -6.91 2.159 10
5.759 -6.93 2.1 10
6.029 -7.149 1.849 10
6.29 -7.359 1.719 10
6.62 -7.73 1.43 10
6.91 -7.97 1.18 10
7.25 -8.179 0.95 10
7.549 -8.37 0.75 10
7.759 -8.47 0.669 10
7.75 -8.59 0.669 10
7.73 -8.54 0.74 10
7.75 -8.4 0.88 10
7.799 -8.55 0.859 10
7.85 -8.71 0.849 10
7.95 -9.01 0.75 10
8.059 -9.37 0.68 10
8.099 -9.58 0.65 10
8.16 -9.54 0.61 10
8.09 -9.3 0.61 10
8.08 -8.9 0.61 10
8.05 -8.44 0.63 10
8.01 -8.029 0.52 10
7.95 -7.7 0.53 10
7.87 -7.2 0.53 10
7.77 -6.93 0.459 9
7.62 -6.77 0.459 10
7.54 -6.529 0.45 10
7.509 -6.39 0.44 10
7.379 -6.27 0.56 10
7.419 -6.259 0.55 10
7.24 -6.06 0.7 10
7.049 -5.96 0.7 10
6.93 -6.009 0.84 10
6.75 -6.029 0.89 10
6.44 -6.08 0.94 10
6.22 -6.2 0.88 10
5.99 -6.43 0.83 10
5.91 -6.549 0.799 10
5.74 -6.68 0.69 10
5.72 -6.87 0.68 10
5.69 -7.029 0.63 10
5.629 -7.049 0.599 10
5.56 -7.12 0.74 10
5.52 -7.22 0.88 10
5.529 -7.089 0.88 10
5.54 -7.04 0.789 10
5.65 -7.21 0.859 10
5.7 -7.299 0.919 10
5.569 -7.27 0.94 10
5.42 -7.17 1.02 10
5.339 -7.1 1.0 10
5.44 -7.12 0.969 10
5.549 -7.149 0.849 10
5.68 -7.18 0.719 10
5.779 -7.129 0.599 10
5.879 -7.12 0.37 10
5.91 -7.109 0.26 10
5.819 -7.19 0.14 10
5.85 -7.149 0.16 10
5.87 -7.06 0.0 10
5.85 -7.029 -0.08 10
5.85 -6.99 -0.12 10
5.83 -6.87 -0.099 10
5.759 -6.64 -0.13 10
5.759 -6.5 -0.14 10
5.839 -6.25 -0.13 10
5.92 -6.1 -0.13 10
6.02 -6.1 -0.14 10
6.12 -5.99 -0.229 10
6.17 -5.859 -0.31 10
6.319 -5.779 -0.29 10
6.45 -5.75 -0.38 10
6.58 -5.83 -0.38 10
6.819 -5.99 -0.399 10
7.14 -6.24 -0.359 10
7.39 -6.52 -0.24 10
7.589 -6.77 -0.03 10
7.649 -6.85 0.11 10
7.7 -6.93 0.25 10
7.819 -7.08 0.429 10
8.01 -7.18 0.61 10
8.13 -7.319 0.76 10
8.29 -7.44 0.909 10
8.44 -7.609 1.0 10
8.599 -7.89 1.12 10
8.889 -8.28 1.11 10
9.24 -8.8 1.25 9
9.62 -9.21 1.24 10
9.95 -9.309 1.27 10
10.179 -9.33 1.13 10
10.3 -9.34 0.96 10
10.269 -9.23 0.94 10
10.17 -9.11 0.969 10
9.94 -8.88 1.24 10
9.55 -8.36 1.38 10
9.05 -7.649 1.48 10
8.44 -6.93 1.55 10
7.91 -6.5 1.579 10
7.43 -6.27 1.55 10
7.069 -6.23 1.54 10
6.97 -6.35 1.4 10
6.96 -6.46 1.25 10
6.93 -6.609 1.12 10
6.779 -6.609 1.03 10
6.7 -6.73 1.069 10
6.609 -6.79 1.03 10
6.56 -6.73 1.1 10
6.44 -6.74 1.14 10
6.43 -6.69 1.199 10
6.42 -6.629 1.209 10
6.44 -6.6 1.3 10
6.42 -6.5 1.36 10
6.37 -6.37 1.319 10
6.31 -6.29 1.319 10
6.33 -6.14 1.29 10
6.33 -5.96 1.209 10
6.379 -5.839 1.16 10
6.43 -5.83 1.079 10
6.47 -5.68 0.89 10
6.49 -5.509 0.68 10
6.44 -5.259 0.52 10
6.359 -5.12 0.35 10
6.319 -5.02 0.31 10
6.22 -4.92 0.269 10
6.1 -4.87 0.21 10
6.02 -4.79 0.199 10
5.96 -4.79 0.19 10
5.92 -4.93 0.26 10
5.92 -4.97 0.31 10
5.95 -5.02 0.299 10
6.069 -5.069 0.329 10
6.12 -5.14 0.44 10
6.109 -5.15 0.539 10
6.15 -5.29 0.55 10
6.25 -5.5 0.58 10
6.29 -5.7 0.55 10
6.49 -5.91 0.47 10
6.62 -6.2 0.429 10
6.899 -6.529 0.53 10
7.19 -6.839 0.52 10
7.569 -7.33 0.539 10
8.0 -7.77 0.599 10
8.49 -8.189 0.58 10
9.07 -8.59 0.53 10
9.58 -8.86 0.5 10
9.99 -9.099 0.45 10
10.19 -9.12 0.44 10
10.24 -9.13 0.42 9
10.19 -9.09 0.599 10
10.139 -9.09 0.729 10
10.139 -9.309 0.84 10
10.23 -9.55 0.75 10
10.219 -9.59 0.62 10
10.07 -9.25 0.55 10
9.84 -8.86 0.599 10
9.46 -8.66 0.59 10
9.08 -8.599 0.57 10
8.79 -8.55 0.48 10
8.59 -8.21 0.13 10
8.26 -7.54 -0.01 10
7.79 -6.799 -0.25 10
7.31 -6.19 -0.55 10
6.879 -5.62 -0.909 10
6.62 -5.42 -1.079 10
6.42 -5.25 -1.27 10
6.339 -5.18 -1.439 10
6.299 -5.14 -1.48 10
6.339 -5.069 -1.54 10
6.379 -4.92 -1.42 10
6.29 -4.79 -1.26 10
6.27 -4.779 -1.03 10
6.259 -4.9 -0.909 10
6.25 -5.13 -0.83 10
6.22 -5.359 -0.719 10
6.23 -5.48 -0.459 10
6.27 -5.45 -0.099 10
6.35 -5.47 0.22 10
6.45 -5.49 0.669 10
6.48 -5.5 1.0 10
6.45 -5.29 1.079 10
6.33 -4.9 1.04 10
6.15 -4.589 0.88 10
6.009 -4.529 0.75 10
5.85 -4.31 0.59 10
5.879 -4.17 0.539 10
5.93 -4.14 0.599 10
6.089 -4.16 0.5 10
6.19 -4.18 0.41 10
6.279 -4.11 0.13 10
6.509 -4.16 -0.049 10
6.64 -4.12 -0.04 10
6.839 -4.18 0.12 10
6.899 -4.06 0.04 10
7.009 -3.99 -0.149 10
7.18 -4.009 -0.229 10
7.259 -3.99 -0.149 10
7.319 -4.15 -0.13 10
7.379 -4.4 -0.099 10
7.6 -4.54 -0.08 10
7.72 -4.77 -0.199 10
7.96 -5.04 -0.199 10
8.2 -5.39 -0.29 10
8.48 -5.75 -0.34 10
9.05 -6.2 -0.269 10
9.67 -6.52 -0.11 10
10.179 -6.66 -0.01 10
10.5 -6.799 0.03 10
10.69 -6.85 0.149 10
10.73 -6.799 0.26 10
10.719 -6.69 0.52 9
10.74 -6.68 0.74 10
10.809 -6.819 1.079 10
10.95 -7.069 1.11 10
11.13 -7.279 1.14 10
11.48 -7.48 1.06 10
12.009 -7.77 0.87 10
12.62 -8.24 0.83 10
12.53 -8.429 0.83 10
12.429 -8.24 1.09 10
11.7 -7.74 0.76 10
10.88 -7.48 0.63 10
10.0 -7.109 0.62 10
9.24 -6.64 1.03 10
8.59 -6.24 1.459 10
8.309 -5.98 1.62 10
8.029 -5.839 1.49 10
7.73 -5.81 1.28 10
7.41 -5.859 1.11 10
7.18 -6.04 0.9 10
7.24 -6.15 0.979 10
7.279 -6.27 0.93 10
7.41 -6.359 0.969 10
7.54 -6.47 0.979 10
7.69 -6.529 0.859 10
7.79 -6.66 0.859 10
7.85 -6.75 1.09 10
7.83 -6.67 1.48 10
7.52 -6.41 1.68 10
7.2 -6.16 1.699 10
6.83 -5.89 1.68 10
6.589 -5.529 1.589 10
6.45 -5.259 1.52 10
6.46 -5.009 1.5 10
6.46 -4.91 1.459 10
6.41 -4.839 1.35 10
6.339 -4.65 1.15 10
6.359 -4.52 1.05 10
6.379 -4.46 0.89 10
6.44 -4.45 0.82 10
6.62 -4.43 0.74 10
6.74 -4.43 0.669 10
6.98 -4.48 0.539 10
7.04 -4.509 0.399 10
6.89 -4.65 0.399 10
6.629 -4.71 0.5 10
6.35 -4.75 0.76 10
6.129 -4.98 0.93 10
6.029 -5.19 1.04 10
6.14 -5.339 1.0 10
6.48 -5.48 0.88 10
6.66 -5.74 0.599 10
6.759 -5.92 0.38 10
6.91 -6.16 0.28 10
7.259 -6.56 0.24 10
7.52 -6.879 0.34 10
7.66 -7.069 0.399 10
7.879 -7.44 0.429 10
8.069 -7.81 0.44 10
8.21 -8.08 0.429 10
8.54 -8.21 0.539 10
8.849 -8.3 0.52 10
9.08 -8.46 0.38 9
9.36 -8.71 0.29 10
9.73 -9.08 0.229 10
10.05 -9.28 0.19 10
10.33 -9.38 0.21 10
10.48 -9.33 0.12 10
10.54 -9.26 0.03 10
10.51 -9.3 -0.01 10
10.429 -9.29 0.03 10
10.29 -9.13 -0.08 10
10.13 -8.74 -0.22 10
9.82 -8.04 -0.269 10
9.41 -7.33 -0.37 10
8.98 -6.819 -0.5 10
8.599 -6.569 -0.55 10
8.26 -6.42 -0.71 10
7.87 -6.21 -0.89 10
7.629 -6.029 -0.989 10
7.319 -5.87 -1.079 10
7.129 -5.799 -1.14 10
7.04 -5.799 -1.17 10
6.99 -5.799 -1.189 10
6.95 -5.77 -1.24 10
6.89 -5.589 -1.16 10
6.799 -5.39 -1.079 10
6.7 -5.35 -1.03 10
6.67 -5.339 -0.969 10
6.79 -5.339 -0.81 10
6.92 -5.24 -0.61 10
6.97 -5.22 -0.35 10
7.02 -5.23 0.01 10
6.97 -5.089 0.11 10
7.009 -4.72 0.04 10
7.04 -4.46 0.22 10
6.879 -4.39 0.56 10
6.66 -4.319 0.94 10
6.39 -4.35 0.909 10
6.21 -4.24 0.729 10
6.129 -4.23 0.489 10
6.2 -4.299 0.45 10
6.27 -4.319 0.359 10
6.31 -4.24 0.34 10
6.399 -4.14 0.28 10
6.609 -4.04 0.25 10
6.67 -3.85 0.149 10
6.66 -3.57 0.01 10
6.569 -3.3 -0.26 6
6.49 -3.03 -0.42 10
6.45 -2.87 -0.58 10
6.549 -2.919 -0.68 10
6.779 -3.1 -0.57 10
7.319 -3.24 -0.5 10
8.0 -3.399 -0.399 10
8.84 -3.77 -0.429 10
9.679 -4.0 -0.52 10
10.41 -4.22 -0.69 10
10.889 -4.299 -0.799 10
10.99 -4.529 -0.55 10
11.139 -4.74 0.37 10
10.969 -5.13 1.66 10
10.61 -5.62 2.669 10
10.44 -5.89 2.909 10
10.719 -6.14 2.34 10
11.15 -6.52 1.77 10
11.45 -7.129 1.74 10
11.639 -7.66 1.959 10
11.53 -7.79 2.02 10
11.29 -7.81 1.93 10
11.16 -7.799 1.8 10
11.09 -7.759 1.66 10
10.929 -7.589 1.469 10
10.71 -7.509 1.319 10
10.4 -7.319 1.11 10
10.139 -7.049 0.969 10
9.78 -6.68 0.84 10
9.429 -6.42 0.599 9
9.12 -6.2 0.45 10
8.7 -6.049 0.29 10
8.349 -5.92 0.31 10
8.099 -5.97 0.48 10
7.96 -5.91 0.34 10
7.74 -6.06 0.35 10
7.759 -6.66 0.7 10
7.549 -7.02 0.57 10
7.81 -7.049 1.11 9
8.01 -6.74 1.06 10
8.109 -6.879 1.199 10
8.17 -6.879 1.709 10
8.109 -6.74 1.79 10
8.28 -6.42 1.79 10
8.4 -5.99 1.709 10
8.429 -5.6 1.63 10
8.36 -5.5 1.449 10
8.26 -5.35 1.38 10
8.23 -5.299 1.43 10
8.109 -5.16 1.319 10
8.099 -5.2 1.3 10
8.139 -5.21 1.319 10
8.109 -5.17 1.22 10
8.029 -5.13 1.17 10
7.74 -5.069 0.989 10
7.39 -5.1 0.9 9
7.14 -5.069 0.919 10
6.97 -4.96 0.96 10
6.74 -4.9 0.96 10
6.6 -5.009 0.84 10
6.48 -5.06 0.83 10
6.43 -5.1 0.74 10
6.41 -5.12 0.69 10
6.43 -5.19 0.68 10
6.43 -5.37 0.69 10
6.45 -5.52 0.75 10
6.609 -5.75 0.81 10
6.83 -6.08 0.919 10
7.02 -6.35 1.06 10
7.24 -6.58 1.14 10
7.359 -6.779 1.209 10
7.43 -7.009 1.22 10
7.72 -7.24 1.199 10
7.98 -7.46 0.919 10
8.28 -7.69 0.55 6
8.51 -7.74 0.32 10
8.63 -7.74 0.06 10
8.62 -7.759 0.04 10
8.75 -7.73 0.0 10
8.82 -7.83 0.0 10
8.849 -7.98 -0.01 10
8.91 -8.099 -0.03 10
8.97 -8.13 -0.149 10
9.099 -7.98 -0.22 10
9.17 -7.94 -0.329 9
9.19 -7.91 -0.31 10
9.2 -8.069 -0.32 10
9.23 -8.099 -0.359 10
9.12 -7.81 -0.42 10
8.86 -7.279 -0.44 10
8.37 -6.879 -0.51 10
7.95 -6.779 -0.57 10
7.77 -6.649 -0.58 10
7.71 -6.58 -0.65 10
7.75 -6.529 -0.599 10
8.09 -6.359 -0.719 10
8.41 -6.06 -0.799 10
8.66 -6.049 -0.77 10
9.019 -5.89 -0.55 10
9.23 -5.75 -0.48 10
9.38 -5.569 -0.41 10
9.309 -5.299 -0.229 10
9.07 -5.08 0.179 10
8.769 -4.97 0.659 10
8.389 -4.88 1.18 10
8.05 -4.83 1.41 10
7.72 -4.69 1.449 10
7.5 -4.589 1.339 10
7.47 -4.54 1.18 10
7.46 -4.48 1.09 10
7.37 -4.43 0.919 10
7.319 -4.339 0.89 10
7.2 -4.319 0.909 10
7.069 -4.27 0.93 9
6.91 -4.33 0.83 10
6.79 -4.319 0.69 10
6.71 -4.31 0.51 10
6.609 -4.22 0.399 10
6.62 -4.19 0.32 10
6.589 -4.15 0.26 10
6.71 -4.18 0.299 10
6.77 -4.11 0.22 10
6.71 -4.06 0.07 10
6.77 -4.049 0.0 10
6.879 -4.009 -0.01 10
7.04 -3.919 0.0 10
7.27 -3.949 0.08 10
7.45 -4.15 0.19 10
7.81 -4.43 0.24 10
8.189 -4.75 0.269 10
8.66 -5.08 0.24 10
9.179 -5.4 0.199 10
9.7 -5.68 0.17 10
10.16 -5.859 0.03 10
10.639 -5.97 0.04 10
11.11 -5.94 0.06 10
11.559 -6.049 0.22 10
11.809 -6.12 0.539 10
12.04 -6.049 0.78 10
12.19 -6.259 1.11 10
12.3 -6.509 1.319 10
12.389 -6.839 1.329 9
12.42 -7.16 1.28 10
12.509 -7.359 1.22 10
12.49 -7.359 1.1 10
12.34 -7.39 1.01 10
12.19 -7.41 0.96 10
11.96 -7.379 0.919 10
11.71 -7.14 0.83 10
11.32 -6.839 0.74 10
10.86 -6.48 0.62 10
10.26 -6.069 0.59 10
9.67 -5.66 0.5 10
9.269 -5.4 0.539 10
8.72 -5.279 0.669 10
8.37 -5.299 0.78 10
8.17 -5.39 0.909 10
8.179 -5.52 0.909 10
8.179 -5.62 0.69 10
8.25 -5.69 0.539 10
8.28 -5.89 0.41 10
8.34 -6.08 0.34 10
8.309 -6.18 0.359 10
8.179 -6.24 0.38 10
8.019 -6.24 0.45 10
7.859 -6.19 0.52 10
7.72 -6.109 0.57 10
7.49 -6.009 0.58 10
7.379 -5.89 0.65 10
7.319 -5.69 0.87 9
7.339 -5.569 0.95 10
7.33 -5.47 1.02 10
7.379 -5.38 0.93 10
7.359 -5.31 0.799 10
7.44 -5.259 0.669 10
7.46 -5.299 0.669 10
7.49 -5.33 0.61 10
7.419 -5.22 0.57 10
7.47 -5.23 0.47 10
7.399 -5.23 0.37 10
7.33 -5.2 0.29 10
7.21 -5.21 0.179 10
7.089 -5.17 0.229 10
7.009 -5.13 0.28 10
6.99 -5.13 0.41 10
6.93 -5.21 0.47 10
6.89 -5.25 0.489 10
6.89 -5.339 0.52 10
6.98 -5.49 0.47 10
7.089 -5.85 0.44 10
7.319 -6.129 0.38 10
7.509 -6.359 0.29 10
7.6 -6.41 0.26 10
7.75 -6.66 0.13 10
7.81 -6.879 0.089 10
7.93 -7.149 -0.08 10
8.05 -7.379 -0.26 10
8.0 -7.64 -0.38 9
8.04 -7.899 -0.31 10
7.95 -8.05 -0.24 10
7.97 -8.3 -0.11 10
8.109 -8.63 0.13 10
8.42 -8.94 0.28 10
8.769 -9.16 0.26 10
9.03 -9.13 0.12 10
9.19 -9.19 -0.22 10
9.19 -9.05 -0.489 10
9.05 -8.849 -0.56 10
8.69 -8.79 -0.61 10
8.38 -8.8 -0.28 10
8.139 -8.38 0.08 10
8.059 -7.919 0.14 10
8.01 -7.419 0.0 10
7.99 -7.06 -0.32 10
7.95 -6.759 -0.52 10
8.01 -6.43 -0.63 10
8.149 -6.33 -0.64 10
8.29 -6.129 -0.71 10
8.34 -5.97 -0.84 10
8.32 -5.759 -0.96 10
8.23 -5.549 -0.919 10
8.149 -5.4 -0.94 10
8.109 -5.27 -0.88 10
8.149 -5.15 -0.789 10
8.08 -5.089 -0.62 10
8.0 -5.009 -0.5 9
7.879 -4.97 -0.429 10
7.759 -5.0 -0.41 10
7.66 -5.02 -0.35 10
7.629 -5.02 -0.28 10
7.71 -5.04 -0.19 10
7.77 -5.02 -0.13 10
7.819 -4.95 -0.07 10
7.819 -4.88 -0.049 10
7.81 -4.779 -0.12 10
7.75 -4.68 -0.06 10
7.6 -4.63 0.0 10
7.49 -4.56 0.13 10
7.44 -4.6 0.229 10
7.419 -4.56 0.199 10
7.52 -4.569 0.22 10
7.589 -4.529 0.199 10
7.72 -4.48 0.08 10
7.759 -4.43 0.01 10
7.83 -4.339 -0.149 10
7.859 -4.29 -0.19 10
8.01 -4.279 -0.28 10
8.059 -4.24 -0.34 10
8.3 -4.299 -0.359 10
8.429 -4.56 -0.45 10
8.48 -4.759 -0.63 10
8.63 -4.95 -0.75 10
8.88 -5.06 -0.76 10
9.21 -5.35 -0.68 9
9.5 -5.74 -0.51 10
9.87 -5.99 -0.44 10
10.24 -6.14 -0.399 10
10.5 -6.31 -0.38 10
10.8 -6.47 -0.42 10
10.91 -6.549 -0.459 10
11.11 -6.66 -0.35 10
11.24 -6.74 -0.28 10
11.509 -6.879 -0.03 10
12.04 -6.72 0.08 10
12.29 -6.04 -0.01 10
12.349 -5.68 -0.02 10
12.019 -5.66 0.04 10
11.63 -6.1 0.21 10
11.63 -6.58 0.229 10
12.05 -6.67 0.08 10
12.58 -6.549 -0.32 10
12.769 -6.509 -0.539 10
12.74 -6.589 -0.55 10
12.36 -6.41 -0.5 10
11.87 -6.12 -0.41 10
11.269 -5.589 -0.25 10
10.639 -5.08 0.08 10
10.11 -4.88 0.21 10
9.71 -4.799 0.44 10
9.36 -4.839 0.48 10
9.28 -4.859 0.57 10
9.269 -4.94 0.44 10
9.32 -5.069 0.28 9
9.59 -5.29 0.22 10
9.96 -5.49 0.07 10
10.15 -5.74 -0.049 10
10.12 -5.96 -0.03 10
9.95 -6.2 0.089 10
9.82 -6.25 0.14 10
9.469 -6.08 0.12 10
9.179 -5.87 0.19 10
8.889 -5.75 0.34 10
8.66 -5.64 0.659 10
8.47 -5.529 0.89 10
8.26 -5.38 0.93 10
8.179 -5.299 0.859 10
8.09 -5.18 0.89 10
8.059 -5.08 0.789 10
7.97 -5.0 0.83 10
7.919 -5.009 0.82 10
7.85 -5.02 0.81 10
7.759 -5.04 0.799 10
7.75 -4.96 0.75 10
7.73 -4.92 0.71 10
7.569 -4.97 0.659 10
7.339 -5.029 0.789 10
7.149 -4.97 0.969 10
6.91 -4.839 1.0 10
6.759 -4.87 1.11 10
6.74 -5.029 1.1 10
6.83 -5.23 1.03 9
6.95 -5.569 0.81 10
7.04 -5.74 0.74 10
7.12 -5.91 0.599 10
7.22 -6.06 0.57 10
7.23 -6.29 0.56 10
7.33 -6.569 0.57 10
7.46 -6.75 0.47 10
7.49 -6.83 0.44 10
7.46 -6.879 0.459 10
7.399 -7.0 0.459 10
7.359 -7.109 0.269 10
7.41 -7.14 0.149 10
7.45 -7.14 -0.01 10
7.6 -7.279 -0.299 10
7.85 -7.649 -0.53 10
8.08 -7.94 -0.63 10
8.34 -8.22 -0.799 10
8.58 -8.41 -0.95 10
8.78 -8.48 -1.079 10
9.01 -8.55 -1.069 10
9.25 -8.69 -0.979 10
9.599 -8.94 -0.78 10
9.769 -8.76 -0.539 10
9.74 -8.069 -0.34 10
9.469 -6.98 -0.179 10
9.13 -6.56 -0.11 10
8.84 -6.31 -0.22 10
8.76 -6.259 -0.26 9
8.96 -6.17 -0.399 10
9.42 -6.19 -0.539 10
9.79 -6.109 -0.789 10
10.309 -5.81 -1.0 10
10.769 -5.549 -1.42 10
10.9 -5.569 -1.79 10
10.78 -5.56 -2.21 10
10.4 -5.5 -2.169 10
10.019 -5.47 -1.829 10
9.58 -5.56 -1.31 10
9.139 -5.45 -0.52 10
9.099 -5.25 0.61 10
8.91 -5.12 1.449 10
9.07 -5.25 1.8 10
9.59 -5.06 1.689 10
10.28 -4.67 1.4 10
10.889 -4.44 1.26 10
10.94 -4.21 1.09 10
10.62 -2.45 1.4 10
10.139 -2.76 2.169 10
9.25 -3.24 2.26 10
8.91 -3.35 1.99 10
8.96 -3.3 1.77 10
9.09 -2.939 1.68 10
9.4 -2.75 1.78 10
9.78 -3.11 1.91 10
9.29 -3.48 1.92 10
8.53 -3.84 1.949 9
7.859 -4.029 1.849 10
7.41 -4.23 1.849 10
7.04 -4.339 1.78 10
6.92 -4.43 1.76 10
6.67 -4.54 1.73 10
6.509 -4.56 1.8 10
6.69 -4.37 2.26 10
6.91 -4.02 2.53 10
7.17 -4.18 2.389 10
7.2 -4.62 2.429 10
7.04 -5.049 2.82 10
7.02 -5.24 3.0 10
7.12 -5.35 2.909 10
7.35 -5.629 2.97 10
7.629 -5.759 3.04 10
8.019 -5.98 3.07 10
8.22 -6.81 3.159 10
8.519 -7.549 3.32 10
8.88 -8.32 3.48 10
9.38 -9.269 3.62 10
9.889 -9.849 3.79 10
10.2 -10.05 4.16 10
10.34 -9.91 4.21 10
10.32 -9.53 3.87 10
10.28 -9.469 3.8 10
10.219 -9.62 3.77 10
10.45 -9.57 3.5 10
10.42 -10.139 3.679 9
10.48 -10.5 3.699 10
10.49 -10.26 3.5 10
10.29 -9.91 3.31 10
10.08 -9.54 3.179 10
9.79 -9.11 3.1 10
9.429 -8.73 3.0 10
9.19 -8.47 2.83 10
9.26 -8.36 2.71 10
9.429 -8.69 2.53 10
9.2 -8.76 2.49 10
8.86 -8.849 2.429 10
8.48 -8.94 2.3 10
8.26 -8.97 2.08 10
8.059 -8.98 1.949 10
7.96 -9.059 1.89 10
7.759 -9.09 1.849 10
7.6 -8.99 1.81 10
7.339 -8.83 1.819 10
6.97 -8.61 1.74 10
6.83 -8.349 1.68 10
6.649 -8.16 1.54 10
6.46 -7.95 1.49 10
6.339 -7.79 1.48 10
6.29 -7.56 1.449 10
6.21 -7.25 1.39 10
6.16 -7.08 1.36 10
6.06 -6.98 1.39 10
5.99 -6.879 1.36 9
5.9 -6.85 1.449 10
5.7 -6.71 1.469 10
5.569 -6.58 1.51 10
5.38 -6.399 1.42 10
5.29 -6.33 1.329 10
5.16 -6.279 1.199 10
4.91 -6.16 1.05 10
4.58 -5.99 0.96 10
4.4 -5.779 0.84 10
4.25 -5.49 0.88 10
3.97 -5.35 0.89 10
3.699 -5.29 1.079 10
3.62 -5.27 1.1 10
3.629 -5.39 0.969 10
3.76 -5.48 0.78 10
4.02 -5.629 0.68 10
4.21 -5.92 0.51 10
4.41 -6.259 0.459 10
4.68 -6.569 0.45 10
4.95 -6.899 0.51 10
5.12 -7.16 0.56 10
5.25 -7.44 0.62 10
5.37 -7.529 0.7 10
5.509 -7.62 0.63 10
5.62 -7.669 0.55 10
5.91 -7.779 0.47 10
6.33 -8.149 0.399 10
6.96 -8.65 0.459 10
7.69 -9.15 0.48 9
8.21 -9.4 0.51 10
8.63 -9.49 0.56 10
8.96 -9.63 0.51 10
9.139 -9.76 0.669 10
9.22 -9.929 0.789 10
9.57 -10.25 0.77 10
9.95 -10.45 0.719 10
10.11 -10.29 0.82 10
10.099 -9.719 0.849 10
9.92 -8.97 0.94 10
9.67 -8.4 0.95 10
9.48 -7.98 1.06 10
9.34 -7.609 0.93 10
9.3 -7.37 0.76 10
9.4 -7.24 0.68 10
9.62 -7.18 0.59 10
9.719 -7.149 0.44 10
9.82 -7.259 0.359 10
9.96 -7.2 0.39 10
9.84 -7.1 0.38 10
9.58 -6.87 0.459 10
9.269 -6.819 0.719 10
9.04 -6.77 0.849 10
8.86 -6.81 0.849 10
8.84 -6.75 0.88 10
8.78 -6.609 0.94 10
8.679 -6.43 0.969 10
8.57 -6.23 1.02 9
8.309 -5.96 1.1 10
8.069 -5.65 1.1 10
7.919 -5.43 1.16 10
7.66 -5.27 1.17 10
7.45 -5.15 1.17 10
7.27 -5.049 1.12 10
7.089 -5.06 1.01 10
7.04 -4.99 1.01 10
7.0 -5.069 0.909 10
6.859 -5.13 0.799 10
6.93 -4.92 0.9 10
6.91 -4.85 0.969 10
6.94 -4.96 0.94 10
6.85 -5.009 0.75 10
6.819 -5.009 0.59 10
6.7 -5.16 0.37 10
6.839 -5.089 0.299 10
7.0 -5.04 0.199 10
7.12 -5.109 0.25 10
7.299 -5.27 0.149 10
7.569 -5.33 0.179 10
7.779 -5.37 0.22 10
8.109 -5.38 0.399 10
8.32 -5.7 0.599 10
8.44 -6.44 0.47 10
8.47 -7.089 0.38 10
8.67 -7.54 0.599 10
8.97 -7.81 0.859 9
9.09 -7.99 1.05 10
9.3 -8.189 1.12 10
9.37 -8.29 1.17 10
9.5 -8.38 1.31 10
9.59 -8.61 1.43 10
9.73 -8.8 1.52 10
9.79 -8.95 1.599 10
9.929 -9.0 1.589 10
10.09 -9.11 1.54 10
10.21 -9.28 1.449 10
10.17 -9.41 1.28 10
10.15 -9.48 1.329 10
10.03 -9.4 1.339 10
9.929 -9.3 1.36 10
9.88 -9.2 1.38 10
9.83 -9.07 1.469 10
9.639 -8.84 1.49 10
9.41 -8.58 1.5 10
9.139 -8.12 1.4 10
8.87 -7.89 1.51 10
8.57 -7.81 1.63 10
8.34 -7.89 1.709 10
8.09 -8.019 1.74 10
7.819 -8.189 1.74 10
7.629 -8.37 1.719 10
7.549 -8.58 1.78 10
7.48 -8.79 1.79 10
7.419 -8.91 1.76 9
7.37 -8.94 1.68 10
7.35 -8.84 1.68 10
7.17 -8.75 1.709 10
7.089 -8.65 1.699 10
6.92 -8.389 1.78 10
6.859 -8.149 1.81 10
6.83 -7.94 1.77 10
6.819 -7.779 1.81 10
6.859 -7.64 1.63 10
6.98 -7.54 1.65 10
6.97 -7.35 1.65 10
6.779 -7.259 1.689 10
6.7 -7.21 1.709 10
6.56 -7.04 1.689 10
6.46 -6.899 1.63 10
6.359 -6.72 1.599 10
6.2 -6.589 1.54 10
6.049 -6.5 1.459 10
5.85 -6.45 1.35 10
5.71 -6.359 1.24 10
5.509 -6.21 1.25 10
5.35 -6.12 1.22 10
5.25 -5.97 1.26 10
5.17 -5.91 1.29 10
5.02 -5.85 1.28 10
4.88 -5.94 1.26 10
4.74 -6.15 1.24 10
4.87 -6.339 1.189 9
5.02 -6.56 1.15 10
5.24 -6.759 1.069 10
5.339 -6.93 0.969 10
5.569 -7.31 1.0 10
5.56 -7.48 1.05 10
5.549 -7.54 1.05 10
5.529 -7.549 0.979 10
5.589 -7.68 0.93 10
5.69 -7.83 0.94 10
5.89 -8.04 0.94 10
6.08 -8.13 0.789 10
6.31 -8.05 0.75 10
6.72 -8.269 0.63 10
7.17 -8.769 0.62 10
7.6 -9.01 0.599 10
7.93 -8.94 0.41 10
8.12 -8.889 0.329 10
8.04 -8.849 0.459 10
7.91 -8.79 0.51 10
7.779 -8.65 0.58 10
8.01 -8.46 0.44 10
8.429 -8.34 0.24 10
8.78 -8.08 0.06 10
8.91 -7.73 -0.21 10
8.88 -7.399 -0.57 10
8.7 -7.2 -0.65 10
8.41 -7.06 -0.52 10
8.38 -6.81 -0.39 10
8.53 -6.589 -0.459 10
8.769 -6.339 -0.399 9
8.98 -6.109 -0.089 10
8.87 -6.009 0.149 10
8.639 -5.759 0.25 10
8.53 -5.859 0.35 10
8.5 -6.23 0.659 10
8.61 -6.5 0.87 10
8.58 -6.52 1.09 10
8.49 -6.43 1.24 10
8.3 -6.37 1.41 10
8.17 -6.379 1.54 10
8.09 -6.44 1.48 10
8.019 -6.27 1.39 10
7.97 -6.0 1.38 10
7.879 -5.77 1.36 10
7.839 -5.9 1.42 10
7.81 -5.819 1.49 10
7.73 -5.56 1.38 10
7.649 -5.46 1.38 10
7.62 -5.18 1.25 10
7.47 -5.12 1.209 10
7.35 -5.339 1.22 10
7.24 -5.45 1.14 10
7.149 -5.39 1.24 10
7.089 -5.48 1.25 10
7.04 -5.93 1.36 10
7.27 -5.819 1.22 10
7.31 -5.64 1.22 10
7.37 -5.38 1.06 9
7.29 -5.22 1.0 10
7.339 -5.029 0.81 10
7.399 -4.85 0.669 10
7.529 -4.91 0.719 10
7.56 -5.14 0.729 10
7.69 -5.27 0.659 10
7.91 -5.44 0.669 10
8.029 -5.96 0.659 10
8.66 -6.08 0.59 10
8.9 -6.68 0.719 10
9.05 -7.44 0.75 10
9.24 -7.649 0.859 10
9.349 -7.85 1.03 10
9.519 -8.029 1.17 10
9.58 -7.94 1.41 10
9.67 -8.04 1.599 10
9.86 -8.069 1.709 10
9.96 -8.13 1.73 10
10.08 -8.37 1.599 10
10.23 -8.34 1.439 10
10.46 -8.23 1.39 10
10.57 -8.38 1.16 10
10.69 -8.37 1.189 10
10.69 -8.26 1.02 10
10.62 -8.099 0.859 10
10.62 -7.94 0.96 10
10.42 -7.68 0.89 10
10.219 -7.279 0.909 10
9.82 -6.99 0.93 9
9.429 -6.649 0.93 10
8.99 -6.46 0.859 10
8.67 -6.43 0.87 10
8.48 -6.549 0.87 10
8.429 -6.74 0.78 10
8.429 -6.879 0.789 10
8.42 -7.17 0.78 10
8.389 -7.31 0.84 10
8.36 -7.419 1.03 10
8.36 -7.44 1.12 10
8.349 -7.549 1.189 10
8.29 -7.549 1.23 10
8.189 -7.509 1.35 10
8.059 -7.62 1.459 10
7.83 -7.79 1.599 10
7.759 -7.69 1.76 10
7.669 -7.56 1.88 10
7.47 -7.43 1.87 10
7.39 -7.35 1.79 10
7.33 -7.5 1.709 10
7.27 -7.39 1.66 10
7.23 -7.25 1.63 10
7.18 -7.18 1.66 10
7.069 -7.04 1.68 10
6.98 -6.779 1.569 10
6.799 -6.81 1.41 10
6.66 -6.95 1.39 10
6.549 -7.129 1.42 9
6.72 -7.04 1.54 10
6.779 -6.94 1.62 10
6.46 -6.89 1.74 10
5.93 -6.74 1.77 10
5.66 -6.56 1.77 10
5.39 -6.379 1.68 10
5.25 -6.29 1.49 10
5.19 -6.399 1.39 10
5.27 -6.649 1.23 10
5.569 -7.08 1.15 10
5.529 -7.18 1.199 10
5.24 -7.16 1.06 10
5.029 -7.17 0.9 10
4.9 -7.1 0.76 10
4.9 -7.129 0.48 10
5.08 -7.399 0.359 10
5.37 -7.81 0.24 10
5.71 -8.32 0.329 10
5.95 -8.74 0.48 10
6.109 -9.08 0.55 10
6.22 -9.04 0.799 10
6.27 -8.96 0.789 10
6.33 -9.05 0.64 10
6.549 -9.349 0.39 10
6.83 -9.559 0.08 10
7.089 -9.429 -0.17 10
7.319 -9.53 -0.429 10
7.71 -9.849 -0.53 9
8.139 -10.099 -0.599 10
8.34 -10.09 -0.57 10
8.349 -9.91 -0.5 10
8.22 -9.19 -0.399 10
8.01 -8.429 -0.39 10
7.91 -7.669 -0.5 10
7.759 -7.1 -0.729 10
7.799 -6.49 -1.09 10
7.94 -6.109 -1.28 10
8.029 -5.98 -1.51 10
8.069 -6.049 -1.62 10
8.23 -6.14 -1.68 10
8.36 -6.15 -1.56 10
8.44 -6.19 -1.319 10
8.349 -6.19 -0.989 10
8.179 -6.15 -0.62 10
8.09 -6.129 -0.359 10
8.029 -6.23 -0.14 10
7.97 -6.359 0.12 10
7.99 -6.52 0.22 10
8.029 -6.589 0.31 10
8.059 -6.629 0.35 10
8.109 -6.569 0.299 10
8.149 -6.529 0.359 10
8.08 -6.31 0.429 10
7.99 -6.08 0.45 10
7.83 -5.99 0.539 10
7.72 -5.79 0.65 10
7.64 -5.62 0.71 9
7.58 -5.6 0.71 10
7.54 -5.58 0.789 10
7.47 -5.58 0.81 10
7.43 -5.549 0.78 10
7.43 -5.45 0.799 10
7.379 -5.33 0.77 10
7.37 -5.299 0.729 10
7.419 -5.279 0.81 10
7.56 -5.25 0.76 10
7.46 -5.17 0.68 10
7.379 -4.98 0.539 10
7.31 -4.87 0.52 10
7.39 -4.83 0.44 10
7.41 -4.88 0.29 10
7.609 -5.08 0.329 10
7.71 -5.2 0.44 10
7.81 -5.359 0.44 10
7.85 -5.589 0.429 10
7.879 -5.93 0.489 10
8.04 -6.299 0.58 10
8.26 -6.819 0.599 10
8.559 -7.27 0.69 10
8.769 -7.56 0.799 10
8.97 -7.81 0.82 10
9.139 -8.059 1.03 10
9.33 -8.23 1.16 10
9.45 -8.24 1.22 10
9.51 -8.23 1.36 9
9.599 -8.48 1.5 10
9.73 -8.63 1.449 10
9.84 -8.58 1.38 10
9.92 -8.55 1.31 10
10.059 -8.559 1.209 10
10.099 -8.61 1.15 10
10.24 -8.65 1.15 10
10.3 -8.57 1.17 10
10.42 -8.389 1.09 10
10.45 -8.099 0.989 10
10.44 -7.73 0.95 10
10.34 -7.319 0.94 10
10.309 -6.96 0.88 10
10.429 -6.54 0.78 10
10.61 -6.22 0.669 10
10.5 -5.79 0.65 10
10.46 -5.879 0.7 10
10.49 -6.22 0.909 10
10.559 -6.379 1.27 10
10.74 -6.589 1.26 10
10.88 -6.879 1.719 10
11.0 -7.37 2.29 10
11.07 -7.95 2.53 10
10.99 -8.44 2.7 10
11.11 -8.929 2.87 10
11.389 -9.0 3.139 10
11.509 -8.74 3.429 10
11.66 -8.21 3.679 9
11.42 -7.98 3.889 10
11.91 -7.81 4.37 10
12.71 -7.319 4.65 10
13.61 -7.23 4.83 10
14.309 -7.089 5.04 10
14.45 -6.899 5.45 10
13.53 -6.69 5.29 10
12.33 -6.73 4.99 10
11.559 -6.569 5.27 10
11.41 -6.319 5.65 10
11.33 -5.87 5.54 10
11.36 -5.589 5.39 10
11.29 -5.42 5.629 10
11.2 -5.43 5.87 10
10.87 -5.25 6.029 10
10.55 -5.06 5.99 10
9.96 -4.56 5.799 10
9.349 -4.24 5.85 10
8.42 -3.8 5.74 10
7.56 -3.48 5.87 10
6.98 -3.36 6.089 10
6.379 -3.159 6.109 10
6.109 -3.1 6.279 10
5.9 -2.889 6.5 10
5.859 -2.73 6.569 10
6.359 -2.49 6.75 10
6.87 -1.99 7.379 10
6.98 -1.68 8.099 10
6.649 -1.38 8.3 9
6.15 -1.35 7.68 10
5.609 -1.439 6.77 10
5.359 -1.079 6.549 10
5.33 -0.399 6.629 10
5.22 0.22 6.569 10
5.02 0.59 6.56 10
4.799 0.77 6.79 10
4.68 0.859 6.87 10
4.61 0.87 6.72 10
4.47 0.95 6.509 10
4.259 1.12 6.339 10
4.1 1.339 6.22 10
3.72 1.92 6.12 10
3.139 2.399 5.98 10
2.47 2.96 5.46 10
1.68 3.179 5.1 10
1.22 3.25 5.069 10
1.36 3.429 5.35 10
1.79 3.649 5.64 10
1.819 3.97 5.79 10
1.469 4.27 5.549 10
1.26 4.49 5.259 10
1.05 4.779 5.22 10
0.9 4.819 5.319 10
1.04 4.529 5.589 10
1.069 4.18 6.089 10
1.18 4.23 6.279 10
1.22 4.39 6.52 9
1.09 4.5 6.71 10
0.859 4.69 6.66 10
0.62 4.83 6.529 10
0.61 4.779 6.56 10
0.429 4.61 6.58 10
0.31 4.63 6.43 10
0.089 4.589 6.569 10
0.01 4.7 6.66 10
-0.11 4.859 6.79 10
-0.31 5.04 6.69 10
-0.34 5.15 6.79 10
-0.299 5.109 6.98 10
0.03 5.06 7.18 10
0.16 5.12 7.399 10
0.229 5.14 7.68 10
0.07 5.319 7.839 10
-0.19 5.569 7.799 10
-0.35 5.81 7.759 10
-0.429 5.95 7.759 10
-0.32 5.96 7.83 10
-0.399 6.08 7.73 10
-0.62 6.35 7.44 10
-0.77 6.41 7.54 10
-0.81 6.22 7.64 10
-0.9 6.0 7.629 10
-0.989 6.22 7.529 10
-0.919 6.33 7.399 10
-0.64 6.24 7.47 9
-0.59 6.319 7.399 10
-0.78 6.35 7.299 10
-0.94 6.45 7.37 10
-1.0 6.43 7.41 10
-0.88 6.41 7.5 10
-0.84 6.52 7.6 10
-0.83 6.6 7.68 10
-0.76 6.56 7.72 10
-0.68 6.56 7.66 10
-0.74 6.589 7.68 10
-0.659 6.569 7.73 10
-0.61 6.54 7.71 10
-0.62 6.47 7.74 10
-0.51 6.48 7.83 10
-0.5 6.46 7.93 10
-0.5 6.46 7.71 10
-0.5 6.399 7.73 10
-0.57 6.319 7.529 10
-0.65 6.35 7.41 10
-0.77 6.23 7.22 10
-1.06 6.299 7.02 10
-1.079 6.24 7.1 10
-1.13 6.18 7.129 10
-1.09 6.18 7.0 10
-1.189 6.27 6.92 10
-1.209 6.299 6.779 10
-1.16 6.279 6.81 10
-1.18 6.23 6.859 9
-1.23 6.22 6.93 10
-1.31 6.31 7.009 10
-1.469 6.379 7.17 10
-1.459 6.37 7.33 10
-1.459 6.339 7.48 10
-1.36 6.46 7.7 10
-1.339 6.529 7.52 10
-1.36 6.58 7.759 10
-1.24 6.39 7.68 10
-1.339 6.41 7.62 10
-1.459 6.42 7.74 10
-1.63 6.44 7.779 10
-1.74 6.52 7.899 10
-1.81 6.5 8.019 10
-1.829 6.35 7.79 10
-1.849 6.41 7.629 10
-1.829 6.43 7.43 10
-1.819 6.49 7.37 10
-1.709 6.46 7.29 10
-1.709 6.45 7.41 10
-1.54 6.44 7.56 10
-1.43 6.319 7.54 10
-1.29 6.299 7.73 10
-1.27 6.339 7.759 10
-1.199 6.31 7.779 10
-1.11 6.33 7.71 10
-1.079 6.24 7.72 10
-1.12 6.22 7.72 10
-1.15 6.17 7.66 9
-1.27 6.14 7.609 10
-1.29 6.17 7.649 10
-1.24 6.16 7.759 10
-1.27 6.129 7.839 10
-1.14 6.14 7.87 10
-1.15 6.109 7.759 10
-1.12 6.129 7.73 10
-1.06 6.109 7.62 10
-1.09 6.15 7.419 10
-1.12 6.22 7.44 10
-1.17 6.15 7.45 10
-1.15 6.21 7.48 10
-1.15 6.2 7.47 10
-1.04 6.19 7.509 10
-0.969 6.17 7.589 10
-0.9 6.15 7.779 10
-0.81 6.129 7.85 10
-0.77 6.14 7.879 10
-0.71 6.19 7.93 10
-0.65 6.18 7.87 10
-0.65 6.089 7.899 10
-0.659 6.009 7.81 10
-0.719 6.08 7.68 10
-0.77 6.12 7.649 10
-0.81 6.109 7.569 10
-0.81 6.06 7.56 10
-0.76 6.029 7.69 10
-0.71 5.93 7.79 9
-0.77 5.96 7.89 10
-0.78 6.02 7.93 10
-0.77 6.02 8.01 10
-0.74 6.049 8.059 10
-0.75 6.02 8.12 10
-0.789 5.98 8.08 10
-0.719 5.879 8.069 10
-0.729 5.839 8.04 10
-0.77 5.819 8.029 10
-0.729 5.779 7.94 10
-0.719 5.81 7.89 10
-0.74 5.799 7.859 10
-0.7 5.799 7.89 10
-0.75 5.799 7.87 10
-0.71 5.77 7.85 10
-0.59 5.779 7.87 10
-0.62 5.74 7.91 10
-0.69 5.65 7.96 10
-0.75 5.759 8.019 10
-0.719 5.72 8.059 10
-0.68 5.67 8.029 10
-0.64 5.73 8.019 10
-0.59 5.72 8.019 10
-0.599 5.799 8.019 10
-0.62 5.79 7.99 10
-0.65 5.77 7.95 10
-0.71 5.759 7.96 10
-0.669 5.74 7.96 9
-0.69 5.71 7.93 10
-0.68 5.74 7.99 10
-0.62 5.77 8.0 10
-0.61 5.77 8.059 10
-0.659 5.819 8.01 10
-0.71 5.9 8.019 10
-0.76 5.819 7.93 10
-0.77 5.779 7.95 10
-0.78 5.799 7.919 10
-0.71 5.79 7.899 10
-0.68 5.759 7.95 10
-0.62 5.7 8.01 10
-0.68 5.69 8.08 10
-0.69 5.75 8.109 10
-0.77 5.839 7.99 10
-0.75 5.9 7.91 10
-0.71 5.81 7.87 10
-0.669 5.799 7.779 10
-0.719 5.799 7.779 10
-0.77 5.819 7.779 10
-0.81 5.779 7.87 10
-0.849 5.79 7.879 10
-0.859 5.819 7.95 10
-0.849 5.799 8.04 10
-0.849 5.73 8.069 10
-0.77 5.69 8.09 10
-0.84 5.7 8.109 10
-0.82 5.7 8.16 10
-0.849 5.69 8.12 9
-0.849 5.7 8.05 10
-0.87 5.66 7.98 10
-0.9 5.62 7.95 10
-0.89 5.629 7.97 10
-0.89 5.66 7.96 10
-0.83 5.6 7.96 10
-0.77 5.609 8.029 10
-0.799 5.629 8.019 10
-0.78 5.62 8.069 10
-0.799 5.66 8.069 10
-0.83 5.65 8.05 10
-0.799 5.589 8.04 10
-0.87 5.569 8.0 10
-0.82 5.56 7.99 10
-0.84 5.549 8.01 10
-0.84 5.49 7.97 10
-0.849 5.52 7.899 10
-0.909 5.66 7.819 10
-0.969 5.72 7.77 10
-0.9 5.69 7.779 10
-0.89 5.73 7.81 10
-0.82 5.71 7.89 10
-0.859 5.72 7.919 10
-0.859 5.79 7.93 10
-0.89 5.799 8.04 10
-0.95 5.759 7.96 10
-1.0 5.77 7.99 10
-1.069 5.71 8.029 9
-1.05 5.71 8.069 10
-1.03 5.7 8.04 10
-1.04 5.68 8.08 10
-1.05 5.74 8.04 10
-0.95 5.73 8.13 10
-0.969 5.73 8.09 10
-1.02 5.799 8.029 10
-1.02 5.81 8.0 10
-1.069 5.799 7.899 10
-1.11 5.759 7.89 10
-1.12 5.68 7.899 10
-1.14 5.73 7.95 10
-1.11 5.75 7.96 10
-1.1 5.71 8.0 10
-1.11 5.71 7.99 10
-1.13 5.759 8.019 10
-1.12 5.71 8.01 10
-1.09 5.73 8.059 10
-1.06 5.68 8.019 10
-1.03 5.74 8.0 10
-0.989 5.759 7.99 10
-0.969 5.74 7.97 10
-0.96 5.779 8.04 10
-0.979 5.759 8.059 10
-0.979 5.81 8.099 10
-0.989 5.839 8.12 10
-1.01 5.81 8.16 10
-1.02 5.819 8.09 9
-1.03 5.83 8.09 10
-0.979 5.77 7.95 10
-0.979 5.75 7.96 11
-0.94 5.759 7.89 9
-0.95 5.79 7.859 10
-0.95 5.779 7.839 10
-0.93 5.779 7.87 10
-0.93 5.75 7.89 10
-1.03 5.75 7.879 10
-1.0 5.75 7.93 10
-0.969 5.73 7.96 10
-0.979 5.7 7.95 10
-0.96 5.75 7.919 10
-0.96 5.759 7.99 10
-0.979 5.779 7.91 10
-0.95 5.759 7.839 10
-0.95 5.72 7.85 10
-0.969 5.71 7.879 10
-1.05 5.68 7.91 10
-1.069 5.7 7.91 10
-1.06 5.68 8.019 10
-1.05 5.7 8.0 10
-1.03 5.759 8.099 10
-0.969 5.759 8.149 10
-0.96 5.72 8.099 10
-0.96 5.759 8.059 10
-0.989 5.759 7.97 10
-1.03 5.839 7.819 10
-1.1 5.819 7.779 10
-1.12 5.759 7.77 10
-1.15 5.81 7.73 10
-1.189 5.819 7.759 9
-1.15 5.839 7.839 10
-1.14 5.799 7.87 10
-1.17 5.81 7.98 10
-1.11 5.779 7.97 10
-1.15 5.779 7.96 10
-1.079 5.779 7.97 10
-1.069 5.75 8.019 10
-1.079 5.72 7.94 10
-1.079 5.79 7.89 10
-1.069 5.72 7.879 10
-1.069 5.77 7.85 10
-1.05 5.77 7.94 10
-1.01 5.7 7.96 10
-1.01 5.73 8.019 10
-1.079 5.75 8.12 10
-1.079 5.74 7.99 10
-1.079 5.75 7.97 10
-1.12 5.73 7.859 10
-1.16 5.71 7.799 10
-1.12 5.69 7.83 10
-1.05 5.71 7.819 10
-1.16 5.72 7.819 10
-1.1 5.71 7.89 10
-1.12 5.7 7.94 10
-1.06 5.79 7.98 10
-1.079 5.759 8.01 10
-1.069 5.79 7.99 10
-1.1 5.759 8.019 10
-1.17 5.759 8.029 9
-1.16 5.75 8.05 10
-1.09 5.73 8.029 10
-1.12 5.799 8.059 10
-1.05 5.759 7.99 10
-1.069 5.75 7.98 10
-1.12 5.759 7.95 10
-1.14 5.759 7.97 10
-1.09 5.81 7.94 10
-1.1 5.779 8.019 10
-1.06 5.77 8.019 10
-1.079 5.74 8.05 10
-1.12 5.72 8.01 10
-1.11 5.69 7.97 10
-1.1 5.7 7.89 10
-1.17 5.71 7.859 10
-1.13 5.68 7.81 10
-1.11 5.68 7.779 10
-1.13 5.71 7.799 10
-1.15 5.69 7.85 10
-1.15 5.67 7.899 10
-1.12 5.67 7.95 10
-1.209 5.65 8.069 10
-1.199 5.62 7.98 10
-1.22 5.629 8.01 10
-1.189 5.66 8.04 10
-1.17 5.589 8.01 10
-1.1 5.62 7.96 10
-1.1 5.72 7.96 9
-1.11 5.71 7.96 10
-1.05 5.73 7.919 10
-1.069 5.74 7.89 10
-1.1 5.73 8.01 10
-1.079 5.75 7.98 10
-1.1 5.74 7.919 10
-1.079 5.72 7.97 10
-1.09 5.71 7.97 10
-1.11 5.72 7.91 10
-1.1 5.74 7.89 10
-1.1 5.7 7.93 10
-1.12 5.73 7.87 10
-1.13 5.779 7.899 10
-1.16 5.72 7.91 10
-1.199 5.71 7.97 10
-1.199 5.66 8.0 10
-1.16 5.71 8.01 10
-1.209 5.66 8.0 10
-1.23 5.7 8.01 10
-1.17 5.71 8.01 10
-1.17 5.72 8.019 10
-1.16 5.72 8.01 10
-1.14 5.72 8.069 10
-1.16 5.7 8.0 10
-1.16 5.73 8.0 10
-1.12 5.73 8.019 10
-1.14 5.75 8.0 10
-1.12 5.72 7.98 10
-1.16 5.74 8.0 9
-1.15 5.73 7.99 10
-1.199 5.75 7.93 10
-1.17 5.71 7.95 10
-1.16 5.7 7.95 10
-1.12 5.67 7.93 10
-1.1 5.69 7.89 10
-1.17 5.7 7.83 10
-1.17 5.72 7.81 10
-1.16 5.71 7.79 10
-1.26 5.71 7.799 10
-1.319 5.74 7.879 10
-1.29 5.7 7.94 10
-1.29 5.74 7.99 10
-1.26 5.72 8.149 10
-1.16 5.71 8.26 10
-1.1 5.72 8.32 10
-1.04 5.73 8.3 10
-0.979 5.75 8.24 10
-0.989 5.75 8.139 10
-0.94 5.73 8.059 10
-0.93 5.67 8.0 10
-0.94 5.74 7.919 10
-0.93 5.7 7.93 10
-0.95 5.67 8.01 10
-0.93 5.6 8.099 10
-0.94 5.629 8.099 10
-1.01 5.629 8.069 10
-1.09 5.589 8.04 9
-1.12 5.58 8.05 10
-1.209 5.569 7.98 10
-1.25 5.58 7.919 10
-1.28 5.569 7.819 10
-1.42 5.58 7.91 10
-1.5 5.609 7.859 10
-1.53 5.56 7.96 10
-1.53 5.569 8.05 10
-1.55 5.629 8.08 10
-1.51 5.62 8.13 10
-1.49 5.64 8.099 10
-1.459 5.66 8.04 10
-1.38 5.7 8.04 10
-1.35 5.7 8.04 10
-1.31 5.68 8.0 10
-1.28 5.66 8.0 10
-1.27 5.69 8.01 10
-1.199 5.68 8.029 10
-1.13 5.629 8.01 10
-1.12 5.609 8.08 10
-1.06 5.67 8.08 10
-1.0 5.6 8.13 10
-1.0 5.67 8.09 10
-0.94 5.68 8.059 10
-0.919 5.64 8.05 10
-0.93 5.56 7.99 10
-0.94 5.58 7.94 10
-1.04 5.569 7.87 10
-1.09 5.6 7.75 9
-1.16 5.64 7.759 10
-1.199 5.6 7.75 10
-1.23 5.589 7.77 10
-1.209 5.56 7.85 10
-1.18 5.549 7.94 10
-1.14 5.549 8.04 10
-1.18 5.629 8.139 10
-1.14 5.62 8.109 10
-1.14 5.549 8.099 10
-1.16 5.609 8.09 10
-1.17 5.549 7.93 10
-1.14 5.529 7.879 10
-1.11 5.549 7.72 10
-1.28 5.629 7.529 10
-1.31 5.52 7.799 10
-1.27 5.45 7.72 10
-1.16 5.39 7.819 10
-1.209 5.44 8.05 10
-1.26 5.52 8.22 10
-1.3 5.6 8.38 10
-1.22 5.509 8.46 10
-1.25 5.4 8.32 10
-1.3 5.52 8.09 10
-1.35 5.569 7.93 10
-1.439 5.569 7.81 10
-1.4 5.73 7.75 10
-1.35 5.71 7.87 10
-1.24 5.7 7.97 9
-1.1 5.65 8.149 10
-1.0 5.58 8.36 10
-1.0 5.52 8.36 10
-1.06 5.56 8.33 10
-1.22 5.62 8.23 10
-1.29 5.65 8.09 10
-1.38 5.569 7.98 10
-1.38 5.67 7.85 10
-1.43 5.67 7.81 10
-1.339 5.73 7.859 10
-1.37 5.74 7.89 10

# Completed @Fri Dec 02 13:32:27 CST 2016
