# Accelerometer Data File
# Started @Fri Dec 02 13:27:14 CST 2016
#
#
# sensor Vendor: hTC Corp.
# sensor Name: Accelerometer Sensor
# sensor Resolution: 0.01m/sec^2; Max Range: 39.2266; Min Delay: 10000 microseconds
# The sensor's attributes are the result hardware and the Android capabilities.
# It means that the Android may not utilize all features provided by the hardware.
#
# Some devices and Android versions save battery too much so the device may go to sleep.
# It just happens after couple of minutes from turning off the scree and it is easy to find it out.
#
# The following file provides the data from accelerometer in the m/s^2 format.
# The diff value is just a time delta between the samples
#
#
# data format:
# so we have 4 columns with values separated by the " "
# X Y Z time_from_previous_sample(ms)

# sensor speed set to:FASTEST
# units set to: m/sec^2
# gravity NOT filtered out
# Accuracy: HIGH
-0.04 1.8 10.55 0
0.06 1.17 11.37 9
-0.01 0.989 11.559 10
-0.02 0.979 11.42 10
0.07 0.55 11.4 10
-0.08 0.14 11.58 10
-0.29 -0.07 11.57 10
-0.669 0.0 10.849 10
-1.22 -0.22 10.05 10
-1.62 -0.65 9.94 10
-1.939 -1.15 10.23 10
-1.9 -1.27 10.429 10
-1.459 -0.979 10.15 10
-1.069 -0.299 9.519 10
-1.01 0.48 8.75 10
-0.9 1.02 8.149 10
-0.93 1.23 7.399 10
-0.93 1.37 7.72 10
-1.329 1.76 8.42 10
-1.839 2.22 9.889 10
-2.3 2.59 11.15 10
-2.62 2.83 10.41 10
-3.0 2.98 9.23 10
-3.07 3.05 9.019 10
-2.909 2.74 8.92 10
-2.54 2.6 8.88 10
-1.92 2.73 9.099 10
-1.63 2.679 8.99 10
-1.55 2.6 8.86 10
-1.38 2.55 8.94 10
-1.11 2.46 8.98 10
-0.909 2.54 8.8 10
-0.89 2.649 8.55 10
-0.799 2.77 8.54 10
-0.63 2.95 8.53 10
-0.55 3.07 8.37 10
-0.52 3.129 8.49 10
-0.45 3.169 8.559 10
-0.53 3.33 8.51 10
-0.59 3.399 8.61 10
-0.789 3.399 8.809 10
-0.84 3.389 8.86 10
-0.669 3.29 8.98 10
-0.52 3.169 9.04 10
-0.55 3.05 9.07 10
-0.599 3.07 9.11 10
-0.57 3.199 9.23 10
-0.539 3.35 9.37 10
-0.48 3.37 9.4 10
-0.45 3.33 9.429 10
-0.45 3.33 9.57 10
-0.459 3.37 9.54 10
-0.41 3.419 9.62 10
-0.329 3.36 9.69 10
-0.17 3.31 9.58 10
-0.24 3.24 9.59 10
-0.19 3.34 9.74 10
-0.28 3.439 9.639 10
-0.39 3.57 9.559 10
-0.39 3.689 9.48 10
-0.359 3.78 9.37 10
-0.31 3.77 9.21 10
-0.28 3.76 9.179 10
-0.19 3.76 9.03 10
-0.13 3.77 8.9 10
-0.04 3.81 8.809 9
0.0 3.919 8.74 10
-0.04 3.929 8.69 10
-0.089 4.009 8.69 10
-0.16 4.11 8.65 10
-0.25 4.11 8.76 10
-0.25 4.089 8.769 10
-0.229 4.029 8.8 10
-0.199 3.929 8.88 10
-0.149 3.86 8.94 10
-0.16 3.83 8.9 10
-0.13 3.81 8.91 10
-0.07 3.78 8.929 10
-0.06 3.8 8.96 10
-0.07 3.81 9.01 10
-0.06 3.8 9.13 10
-0.049 3.84 9.32 10
-0.089 3.84 9.22 10
-0.149 3.78 9.16 10
-0.19 3.81 9.269 10
-0.21 3.83 9.21 10
-0.149 3.82 9.11 10
-0.099 3.84 9.09 10
-0.049 3.84 9.16 10
-0.049 3.889 9.15 10
-0.03 3.939 9.13 10
-0.08 3.97 9.13 10
0.0 3.97 9.2 10
-0.049 4.02 9.19 10
-0.03 3.97 9.139 10
0.04 3.949 9.099 10
0.049 3.87 9.059 10
0.049 3.879 9.099 10
0.049 3.919 9.11 10
0.14 3.86 9.12 10
0.13 3.879 9.08 10
0.12 3.899 9.08 10
0.06 3.889 9.099 10
0.0 3.919 9.09 10
-0.01 3.879 9.019 10
0.0 3.87 9.019 10
0.0 3.87 9.05 10
-0.06 3.8 9.04 10
-0.11 3.82 9.03 10
-0.16 3.76 9.08 10
-0.11 3.74 9.139 10
-0.06 3.75 9.099 10
-0.13 3.77 9.08 10
-0.16 3.73 9.099 10
-0.19 3.72 9.16 10
-0.14 3.75 9.19 10
-0.13 3.73 9.33 10
-0.14 3.709 9.309 10
-0.11 3.77 9.41 10
-0.12 3.83 9.33 10
-0.08 3.81 9.37 10
-0.13 3.78 9.38 10
-0.08 3.78 9.33 10
-0.03 3.76 9.29 10
-0.07 3.8 9.21 10
-0.099 3.72 9.16 10
0.0 3.78 9.139 10
-0.03 3.81 9.019 10
-0.01 3.85 8.92 10
-0.01 3.899 8.929 9
-0.03 3.919 8.84 10
-0.07 3.939 8.849 10
0.0 3.879 8.889 10
0.03 3.879 8.95 10
0.049 3.8 8.98 10
0.049 3.85 9.03 10
0.0 3.889 9.03 10
-0.12 3.909 9.03 10
-0.16 3.919 9.019 10
-0.199 3.889 9.04 10
-0.21 3.929 9.03 10
-0.21 3.87 9.05 10
-0.16 3.82 8.99 10
-0.179 3.82 9.01 10
-0.17 3.84 9.03 10
-0.179 3.879 8.97 10
-0.13 3.82 8.889 10
-0.19 3.83 8.92 10
-0.19 3.79 8.91 10
-0.24 3.879 8.92 10
-0.22 3.84 8.95 10
-0.24 3.82 8.99 10
-0.19 3.8 9.04 10
-0.19 3.889 9.01 10
-0.229 3.85 9.059 10
-0.29 3.909 9.059 10
-0.22 3.919 9.059 10
-0.229 3.899 9.11 10
-0.21 3.879 9.11 10
-0.22 3.889 9.08 10
-0.25 3.929 9.22 10
-0.25 3.939 9.25 10
-0.179 3.87 9.29 10
-0.179 3.899 9.26 10
-0.179 3.83 9.309 10
-0.19 3.83 9.309 10
-0.19 3.899 9.29 10
-0.13 3.84 9.2 10
-0.16 3.879 9.179 10
-0.14 3.879 9.11 10
-0.179 3.87 9.08 10
-0.16 3.879 9.08 10
-0.179 3.909 9.01 10
-0.269 3.949 9.04 10
-0.28 3.939 9.04 10
-0.299 3.929 9.04 10
-0.34 3.879 9.01 10
-0.37 3.85 8.98 10
-0.429 3.84 8.94 10
-0.35 3.83 8.97 10
-0.31 3.75 8.98 10
-0.24 3.77 8.98 10
-0.21 3.78 8.98 10
-0.19 3.78 9.03 10
-0.16 3.78 9.04 10
-0.21 3.84 9.04 10
-0.22 3.889 9.019 10
-0.199 3.87 9.059 10
-0.19 3.899 9.099 10
-0.19 3.919 9.09 10
-0.19 3.879 9.07 10
-0.149 3.87 9.11 10
-0.16 3.879 9.09 10
-0.22 3.929 8.97 9
-0.22 3.97 9.0 10
-0.21 3.949 9.0 10
-0.179 3.919 9.01 10
-0.199 3.899 9.08 10
-0.199 3.949 9.07 10
-0.22 3.959 9.179 10
-0.28 3.99 9.21 10
-0.29 3.85 9.23 10
-0.29 3.86 9.22 10
-0.269 3.83 9.24 10
-0.24 3.82 9.23 10
-0.25 3.78 9.15 10
-0.179 3.709 9.13 10
-0.17 3.75 9.099 10
-0.16 3.8 9.16 10
-0.19 3.82 9.16 10
-0.26 3.86 9.15 10
-0.32 3.919 9.12 10
-0.299 3.85 9.07 10
-0.359 3.82 9.019 10
-0.31 3.79 9.04 10
-0.329 3.8 9.059 10
-0.29 3.8 9.03 10
-0.269 3.86 8.98 10
-0.21 3.87 9.0 10
-0.179 3.889 9.059 10
-0.14 3.909 9.05 10
-0.12 3.949 9.09 10
-0.11 3.919 9.08 10
-0.13 3.909 9.11 10
-0.12 3.87 9.09 10
-0.149 3.87 9.09 10
-0.179 3.87 9.01 10
-0.199 3.87 9.01 10
-0.199 3.84 9.03 10
-0.179 3.84 9.05 10
-0.149 3.81 8.99 10
-0.13 3.84 9.03 10
-0.17 3.82 9.07 10
-0.17 3.83 9.16 10
-0.199 3.84 9.15 10
-0.199 3.82 9.22 10
-0.22 3.87 9.2 10
-0.21 3.84 9.17 10
-0.229 3.84 9.11 10
-0.25 3.87 9.08 10
-0.26 3.889 9.07 10
-0.229 3.86 9.08 10
-0.24 3.899 9.09 10
-0.149 3.86 9.17 10
-0.229 3.879 9.15 10
-0.229 3.899 9.11 10
-0.29 3.939 9.13 10
-0.299 3.909 9.179 10
-0.31 3.97 9.11 10
-0.269 3.919 9.12 10
-0.31 3.939 9.11 10
-0.299 3.939 9.03 10
-0.299 3.99 8.99 10
-0.329 3.97 8.96 10
-0.35 3.97 8.96 10
-0.32 3.97 8.92 10
-0.269 3.99 8.92 10
-0.25 3.97 8.929 10
-0.28 4.0 8.929 9
-0.28 4.02 8.9 10
-0.31 4.029 8.88 10
-0.37 4.089 8.84 10
-0.37 4.1 8.88 10
-0.42 4.069 8.929 10
-0.359 4.029 8.92 10
-0.32 3.959 8.95 10
-0.32 3.97 9.059 10
-0.269 3.98 9.15 10
-0.359 4.04 9.099 10
-0.359 4.02 9.12 10
-0.359 4.049 9.05 10
-0.329 4.06 9.09 10
-0.32 4.069 9.09 10
-0.269 4.0 9.01 10
-0.229 3.98 9.07 10
-0.22 3.959 9.05 10
-0.199 3.939 9.03 10
-0.299 3.97 8.99 10
-0.31 3.97 8.92 10
-0.35 4.02 8.91 10
-0.39 3.949 8.97 10
-0.38 3.98 8.95 10
-0.34 3.949 9.04 10
-0.269 3.949 9.08 10
-0.299 3.929 9.13 10
-0.359 3.939 9.139 10
-0.32 4.0 9.139 10
-0.34 4.0 9.12 10
-0.32 4.0 9.07 10
-0.31 3.97 9.09 10
-0.34 3.97 9.07 10
-0.25 3.97 9.11 10
-0.26 4.029 9.05 10
-0.299 4.0 9.13 10
-0.26 4.029 9.07 10
-0.35 4.049 9.16 10
-0.359 4.08 9.23 10
-0.39 3.99 9.28 10
-0.41 3.919 9.179 10
-0.31 3.83 9.26 10
-0.25 3.72 9.269 10
-0.25 3.72 9.23 10
-0.179 3.709 9.19 10
-0.269 3.74 9.099 10
-0.32 3.82 8.98 10
-0.37 3.81 8.98 10
-0.34 3.86 8.929 10
-0.29 3.85 8.86 10
-0.35 3.8 8.92 10
-0.359 3.87 8.92 10
-0.359 3.87 8.82 10
-0.45 3.879 8.769 10
-0.429 3.889 8.809 10
-0.399 3.919 8.72 10
-0.41 3.959 8.75 10
-0.35 4.029 8.75 10
-0.32 4.049 8.78 10
-0.399 4.13 8.79 10
-0.359 4.17 8.83 10
-0.429 4.19 8.86 10
-0.42 4.17 8.96 10
-0.35 4.1 9.019 10
-0.38 4.08 9.03 9
-0.38 4.069 9.019 10
-0.44 4.049 8.99 10
-0.44 4.0 8.929 10
-0.51 4.0 8.94 10
-0.42 3.98 8.94 10
-0.359 3.98 9.01 10
-0.24 3.99 9.059 10
-0.269 3.949 9.16 10
-0.299 3.97 9.139 10
-0.29 4.0 9.17 10
-0.29 4.04 9.13 10
-0.31 3.959 9.11 10
-0.29 3.899 9.11 10
-0.28 3.889 9.05 10
-0.269 3.899 9.11 10
-0.21 3.86 9.08 10
-0.21 3.85 9.099 10
-0.269 3.83 9.16 10
-0.29 3.81 9.139 10
-0.31 3.81 9.07 10
-0.35 3.82 9.09 10
-0.37 3.86 9.01 10
-0.359 3.889 9.059 10
-0.35 3.879 9.07 10
-0.38 3.85 9.08 10
-0.35 3.83 9.099 10
-0.35 3.77 9.15 10
-0.32 3.8 9.17 10
-0.32 3.8 9.12 10
-0.34 3.82 9.059 10
-0.28 3.879 9.059 10
-0.299 3.929 9.0 10
-0.26 3.959 8.99 10
-0.24 3.959 8.97 10
-0.19 3.939 8.99 10
-0.199 3.899 8.96 10
-0.199 3.879 9.03 10
-0.199 3.879 9.019 10
-0.229 3.889 9.019 10
-0.24 3.929 8.98 10
-0.29 3.949 9.0 10
-0.269 3.919 8.99 10
-0.229 3.939 8.95 10
-0.21 3.919 8.929 10
-0.26 3.919 8.98 10
-0.25 3.929 8.96 10
-0.199 4.009 8.98 10
-0.16 3.99 9.08 10
-0.21 3.98 9.12 10
-0.199 4.0 9.139 10
-0.24 3.98 9.2 10
-0.25 3.98 9.17 10
-0.24 3.99 9.08 10
-0.22 4.0 8.98 10
-0.26 3.97 8.889 10
-0.229 3.959 8.8 10
-0.17 4.02 8.74 10
-0.21 4.049 8.679 10
-0.29 4.1 8.69 10
-0.32 4.11 8.62 10
-0.45 4.16 8.599 10
-0.48 4.16 8.57 10
-0.58 4.06 8.58 10
-0.57 4.08 8.47 9
-0.62 4.12 8.41 10
-0.599 4.1 8.41 10
-0.57 4.04 8.49 10
-0.459 4.049 8.57 10
-0.39 4.12 8.7 10
-0.31 4.16 8.91 10
-0.28 4.19 9.08 10
-0.28 4.13 9.3 10
-0.38 4.089 9.46 10
-0.399 4.089 9.62 10
-0.459 4.049 9.719 10
-0.51 4.0 9.599 10
-0.57 3.97 9.57 10
-0.55 3.939 9.55 10
-0.429 3.899 9.4 10
-0.14 3.679 9.29 10
-0.22 3.629 9.57 10
-0.12 3.83 9.21 10
-0.13 3.889 9.08 10
-0.21 3.86 9.29 10
-0.35 3.909 9.4 10
-0.45 3.909 9.37 10
-0.52 3.879 9.38 10
-0.5 3.78 9.37 10
-0.47 3.73 9.29 10
-0.41 3.75 9.0 10
-0.37 3.82 8.809 10
-0.299 3.82 8.7 10
-0.37 3.85 8.42 10
-0.42 3.919 8.59 10
-0.429 4.04 8.72 10
-0.37 4.069 8.73 10
-0.37 3.99 8.74 10
-0.399 3.85 8.78 10
-0.53 3.76 8.8 10
-0.659 3.699 8.78 10
-0.71 3.75 8.559 10
-0.75 3.8 8.429 10
-0.84 3.83 8.54 10
-0.849 4.12 8.5 10
-0.59 4.35 8.71 10
-0.489 4.5 8.69 10
-0.599 4.58 8.929 10
-0.799 4.65 9.23 10
-1.01 4.66 9.37 10
-1.06 4.36 9.309 10
-1.06 3.889 9.179 10
-1.11 3.34 9.179 10
-1.04 3.429 9.099 10
-0.87 3.639 8.91 10
-0.77 3.82 8.7 10
-0.599 4.089 8.559 10
-0.78 4.56 8.559 10
-1.31 4.97 8.7 10
-1.62 5.029 9.139 10
-1.86 4.65 9.74 10
-1.189 4.339 9.94 10
-0.26 3.639 9.429 10
-0.719 2.6 8.92 10
-0.979 2.37 8.92 10
-0.83 3.52 9.139 10
-0.729 4.13 9.38 10
-0.82 4.2 9.2 10
-0.87 4.23 8.79 9
-0.78 4.15 8.74 10
-0.38 4.02 8.46 10
-0.12 3.77 8.36 10
0.269 3.77 8.12 10
0.19 3.83 7.46 10
-0.28 3.85 7.12 10
-0.06 3.699 7.049 10
0.659 3.449 6.94 10
0.849 3.439 6.49 10
0.179 3.24 6.45 10
-0.179 3.439 6.52 10
0.11 3.61 6.39 10
0.63 3.379 6.12 10
1.09 3.129 5.89 10
1.459 2.97 5.69 10
1.99 2.669 5.359 10
1.819 2.6 5.0 10
1.29 3.399 4.799 10
1.42 3.82 4.27 10
1.06 4.13 4.19 10
0.399 4.509 5.18 10
0.74 4.98 5.049 10
2.06 3.74 4.49 10
2.679 3.0 4.71 10
2.79 3.07 5.529 10
2.72 3.34 6.44 10
2.84 3.689 6.72 10
3.59 3.5 6.85 10
4.319 3.159 6.31 10
5.029 2.1 6.49 10
6.02 0.95 8.179 10
7.44 0.179 10.769 10
8.599 -0.53 11.349 10
8.69 -1.09 10.059 10
7.83 -1.24 10.34 10
6.7 -0.56 10.55 10
5.66 0.88 10.41 10
3.649 3.09 10.86 10
3.52 2.61 11.32 10
3.79 0.57 11.79 10
4.31 -0.63 11.67 10
4.27 0.07 11.41 10
3.59 1.189 11.2 10
2.679 1.319 11.309 10
1.13 1.67 10.88 10
-0.089 2.79 10.429 10
-0.08 2.8 10.139 10
1.16 2.35 9.62 10
0.78 3.29 8.559 10
1.56 6.33 9.21 10
1.599 9.01 10.559 10
0.03 9.8 10.95 10
-1.4 9.67 12.099 10
-2.53 10.719 15.45 10
-2.669 10.67 16.0 10
-0.729 9.429 15.2 10
1.23 11.12 15.65 10
2.49 15.44 22.46 10
2.389 17.32 32.509 10
3.07 14.839 30.84 10
7.089 11.679 30.21 10
7.94 11.139 34.86 10
8.22 9.5 37.77 10
11.17 6.41 37.85 10
15.019 6.779 39.0 9
17.63 8.34 39.01 10
21.8 6.31 39.01 10
26.71 3.04 39.01 10
28.3 -0.44 38.96 10
27.939 -3.58 31.74 10
26.38 -4.509 23.98 10
23.199 -4.89 18.3 10
20.199 -11.099 15.389 10
16.029 -12.519 10.75 10
12.53 -13.009 8.69 10
9.76 -14.92 7.359 10
6.859 -16.41 6.18 10
4.27 -17.82 5.22 10
1.13 -17.94 4.14 10
-2.2 -18.279 3.48 10
-2.35 -18.98 3.76 10
-2.78 -19.52 4.23 10
-4.04 -19.38 3.73 10
-4.31 -18.77 3.85 10
-4.43 -18.26 4.16 10
-4.77 -18.13 4.259 10
-4.0 -17.69 4.36 10
-5.42 -18.289 3.449 10
-5.069 -16.219 3.82 10
-5.359 -16.619 1.589 10
-4.58 -15.969 0.37 10
-3.669 -15.469 -1.459 10
-2.919 -15.059 -2.81 10
-1.78 -14.42 -3.6 10
-0.429 -14.5 -4.589 10
1.4 -15.009 -6.23 10
3.939 -15.66 -7.68 10
5.23 -15.65 -9.22 10
6.649 -17.06 -10.75 10
9.519 -18.0 -11.19 10
20.699 -15.21 -11.41 10
17.57 -21.67 -10.57 10
25.26 -24.98 -6.44 10
37.489 -22.939 -4.5 10
39.25 -17.22 -3.25 10
39.25 -14.34 0.35 10
39.25 -11.17 1.9 10
39.25 -5.41 4.339 10
39.25 0.16 5.81 10
39.25 1.979 3.659 10
39.25 3.02 2.98 10
28.98 4.98 1.959 10
19.64 6.29 1.87 10
16.01 6.609 2.87 10
12.49 7.91 3.55 10
10.03 9.69 4.72 10
9.04 9.55 5.69 10
6.89 10.29 5.859 10
4.509 12.08 6.29 10
2.46 13.65 5.04 10
-0.55 15.769 4.14 10
-3.61 17.73 3.409 10
-6.279 19.41 3.09 10
-8.04 20.65 2.81 10
-8.59 21.199 2.889 10
-7.97 20.97 2.81 10
-7.029 19.81 3.31 10
-6.12 18.52 3.399 10
-5.41 17.31 3.78 9
-4.569 16.85 3.35 10
-2.62 16.89 2.28 10
-0.07 17.31 1.16 10
2.639 18.039 -0.39 10
5.74 18.52 -0.909 10
7.6 18.699 -0.539 10
10.49 18.96 -0.049 10
12.769 18.76 1.209 10
17.55 19.109 1.39 10
24.82 18.67 1.64 10
35.69 18.939 1.199 10
39.23 19.279 0.5 10
39.25 20.25 1.51 10
39.25 19.85 2.23 10
39.25 15.32 1.03 10
39.25 9.679 1.09 10
39.25 5.4 2.83 10
39.25 2.28 3.649 10
39.25 -2.639 3.74 10
39.25 -7.819 4.15 10
39.25 -12.48 5.259 10
36.719 -16.119 6.839 10
29.099 -18.08 8.37 10
23.019 -18.89 9.12 10
18.32 -18.779 9.61 10
14.549 -19.18 9.69 10
12.12 -19.439 9.16 10
10.19 -20.23 8.36 10
8.24 -20.0 7.68 10
6.81 -19.779 7.44 10
5.029 -19.9 7.33 10
2.879 -19.96 7.24 10
0.83 -20.43 7.71 10
-1.23 -21.42 7.73 10
-3.56 -21.97 7.56 10
-4.83 -22.89 7.149 10
-6.41 -23.529 6.18 10
-8.069 -23.1 4.96 10
-9.269 -22.33 3.46 10
-9.54 -21.65 1.39 10
-8.53 -20.869 -0.22 10
-6.72 -20.25 -1.579 10
-4.6 -19.279 -2.78 10
-1.89 -18.359 -3.57 10
0.65 -17.17 -4.43 10
3.75 -13.929 -9.679 10
6.799 -14.19 -8.75 10
7.819 -14.46 -8.62 10
9.92 -16.289 -5.94 10
12.62 -17.57 -6.24 10
17.43 -20.119 -4.91 10
24.73 -21.23 -3.82 10
36.07 -18.47 -2.26 10
39.239 -12.3 -3.83 10
39.25 -6.16 -5.38 10
39.25 0.919 -3.909 10
39.25 6.97 -4.24 10
39.25 11.38 -2.45 10
39.25 15.299 -1.459 10
39.25 15.37 -3.05 10
33.03 13.599 -2.24 10
22.359 12.69 -1.959 10
14.5 11.83 -1.04 10
8.05 11.75 0.07 9
3.659 12.36 0.82 10
0.28 13.07 0.83 10
-2.76 14.809 0.51 10
-5.27 14.929 -0.11 10
-8.8 15.559 0.32 10
-11.59 16.19 0.38 10
-13.98 16.369 0.62 10
-15.33 15.98 1.12 10
-15.65 15.15 1.27 10
-15.37 14.19 1.689 10
-14.54 12.98 1.969 10
-13.299 11.4 1.979 10
-11.79 11.25 2.45 10
-9.21 12.3 2.21 10
-6.379 13.88 1.599 10
-2.419 16.42 -0.049 10
2.85 18.82 -1.079 10
9.34 22.029 -1.02 10
13.469 24.18 -1.28 10
17.49 24.279 -0.39 10
20.13 24.3 0.39 10
21.59 23.6 0.919 10
25.119 23.22 1.61 10
30.34 21.84 1.18 10
38.01 20.539 0.359 10
39.25 19.619 0.04 10
39.25 19.439 0.0 10
39.25 17.63 0.34 10
39.25 15.139 1.599 10
39.25 11.66 2.1 10
39.25 6.649 3.29 10
39.25 0.29 4.0 10
39.25 -5.17 4.37 10
39.25 -10.01 4.31 10
39.25 -13.809 4.41 10
32.649 -16.43 4.94 10
26.439 -19.96 5.71 10
20.26 -21.369 6.18 10
15.0 -23.05 7.29 10
11.37 -24.42 7.759 10
8.67 -24.58 8.01 10
7.04 -24.16 8.08 10
5.99 -24.63 8.029 10
3.56 -25.019 7.99 10
1.0 -24.519 7.62 10
-0.53 -24.57 7.109 10
-2.409 -24.34 6.18 10
-3.75 -24.189 5.27 10
-4.91 -23.68 4.299 10
-6.37 -23.18 2.81 10
-7.12 -22.68 0.95 10
-7.39 -22.359 -0.76 10
-7.04 -21.83 -2.669 10
-5.9 -21.49 -4.44 10
-4.22 -20.96 -5.54 10
-2.48 -20.13 -6.19 10
0.329 -19.38 -6.75 10
3.05 -18.48 -7.2 10
5.91 -17.74 -7.27 10
9.03 -17.17 -6.97 10
12.3 -17.48 -6.609 10
16.1 -17.41 -5.08 10
20.5 -18.779 -5.42 10
27.439 -17.6 -1.42 10
38.79 -14.95 -1.829 10
39.25 -9.33 -0.95 10
39.25 -2.99 0.56 10
39.25 4.319 -0.41 10
39.25 6.899 -1.24 10
39.25 10.38 -1.53 10
39.25 12.83 -2.95 10
39.25 13.139 -3.03 10
39.25 12.79 -3.389 10
32.86 12.0 -2.23 10
22.85 10.98 -1.48 10
15.719 9.79 -0.489 10
9.7 8.94 -0.39 10
5.19 8.25 0.38 10
1.22 7.83 1.189 9
-2.02 8.29 2.02 10
-4.81 9.78 2.29 10
-7.49 10.92 2.56 10
-9.19 12.41 2.24 10
-10.969 13.57 1.459 10
-11.759 14.13 0.56 10
-11.91 13.96 -0.089 10
-11.98 13.95 -0.48 10
-11.73 14.67 -0.78 10
-10.969 15.549 -0.56 10
-9.37 16.19 -0.41 10
-6.819 17.18 -0.45 10
-4.18 17.869 -0.59 10
-1.849 18.31 -0.58 10
1.199 17.77 -0.38 10
3.929 17.22 -0.17 10
6.23 16.27 0.04 10
9.78 16.1 0.13 10
13.59 15.91 -0.19 10
18.65 16.029 -0.56 10
24.31 15.98 -1.75 10
30.73 14.639 -3.0 10
34.899 15.58 -3.21 10
39.23 16.0 -3.85 10
39.25 14.259 -3.379 10
39.25 12.48 -2.1 10
39.25 10.8 -0.179 10
39.25 8.36 1.839 10
39.25 5.859 2.3 10
39.25 3.679 2.05 10
39.25 0.429 1.949 10
39.25 -2.96 2.59 10
36.35 -6.18 3.25 10
30.67 -8.69 3.87 10
25.019 -11.059 4.62 10
19.869 -13.48 6.009 10
15.339 -15.38 6.629 10
10.849 -16.88 7.509 10
8.04 -19.05 8.12 10
5.35 -20.96 8.4 10
3.33 -22.31 8.349 10
1.209 -22.93 8.36 10
-1.12 -23.619 8.33 10
-2.8 -23.939 8.13 10
-3.879 -24.41 7.819 10
-4.5 -25.24 7.0 10
-5.45 -25.23 5.879 10
-6.089 -25.08 4.62 10
-7.04 -24.519 2.53 10
-7.509 -23.48 0.07 10
-6.97 -22.439 -2.04 10
-5.69 -20.939 -4.04 10
-3.54 -19.46 -5.14 10
-0.69 -18.33 -5.87 10
2.56 -17.63 -6.569 10
5.29 -16.949 -6.93 10
7.64 -16.17 -7.339 10
9.559 -15.82 -7.68 10
13.69 -16.199 -7.5 10
22.06 -15.009 -7.549 10
31.96 -10.84 -8.59 10
39.25 -4.7 -9.54 10
39.25 -0.21 -8.83 10
39.25 3.49 -8.029 10
39.25 6.35 -7.19 10
39.25 9.74 -5.549 10
39.25 12.0 -4.859 9
39.25 12.009 -3.629 10
37.98 12.46 -2.679 10
30.01 12.809 -1.339 10
23.34 12.11 -0.179 10
18.09 11.519 0.58 10
14.03 11.429 1.09 10
10.86 11.54 1.189 10
8.22 11.23 1.069 10
5.87 11.139 0.799 10
3.919 11.269 0.28 10
2.08 11.269 0.34 10
-0.229 12.05 -0.31 10
-2.19 12.44 -0.459 10
-5.24 12.509 -0.429 10
-7.94 12.79 -0.34 10
-10.139 12.63 0.16 10
-11.8 12.25 -0.099 10
-12.519 11.75 -0.08 10
-12.219 11.55 -0.06 10
-11.07 11.7 -0.179 10
-9.139 12.32 -0.58 10
-7.04 13.32 -1.02 10
-4.63 14.349 -1.3 10
-1.829 15.219 -1.68 10
1.35 15.929 -2.09 10
4.74 16.46 -2.54 10
8.34 16.94 -2.899 10
13.17 17.5 -3.28 10
17.9 18.68 -3.6 10
22.859 19.47 -3.919 10
27.64 19.699 -3.98 10
31.73 20.18 -3.679 10
38.379 19.869 -4.12 10
39.25 18.85 -3.909 10
39.25 17.369 -3.84 10
39.25 14.62 -2.919 10
39.25 11.67 -2.07 10
39.25 8.92 -1.53 10
39.25 5.87 -1.319 10
39.25 2.5 -1.31 10
37.05 -1.22 -0.56 10
32.219 -4.39 0.22 10
26.92 -7.46 1.469 10
22.18 -10.41 2.8 10
17.33 -12.83 3.889 10
12.639 -14.639 4.81 10
8.58 -16.83 5.66 10
5.339 -18.4 5.91 10
2.71 -19.71 5.52 10
0.51 -21.109 5.06 10
-1.93 -22.66 4.85 10
-4.02 -23.269 4.93 10
-5.109 -23.5 5.049 10
-5.96 -24.49 4.93 10
-6.58 -24.119 4.94 10
-6.58 -24.05 4.509 10
-6.48 -24.21 3.22 10
-6.14 -23.25 1.48 10
-4.75 -22.38 -0.25 10
-3.379 -21.359 -1.89 10
-1.439 -19.91 -3.23 10
1.0 -18.46 -4.049 10
3.52 -17.109 -4.759 10
6.66 -16.18 -5.43 10
9.95 -15.139 -5.87 10
13.15 -14.32 -6.46 9
18.609 -13.69 -6.339 10
27.15 -11.23 -5.43 10
36.54 -7.31 -4.47 10
39.23 -3.36 -3.61 10
39.25 -0.32 -3.05 10
39.25 1.28 -2.77 10
39.25 2.169 -1.709 10
39.25 3.97 -0.74 10
39.25 5.15 1.01 10
35.07 5.629 1.14 10
29.779 5.629 1.64 10
24.99 6.52 2.169 10
20.84 7.649 2.26 10
17.789 8.47 2.379 10
15.36 9.3 2.11 10
12.969 10.11 1.48 10
10.83 10.54 1.01 10
8.54 10.98 0.57 10
6.15 12.03 0.84 10
3.22 13.09 1.52 10
-0.06 14.53 2.12 10
-3.05 15.94 1.939 10
-5.49 17.35 1.55 10
-7.49 18.63 0.329 10
-8.2 19.01 -0.859 10
-8.099 19.279 -1.27 10
-7.359 19.85 -1.28 10
-5.779 20.64 -0.12 10
-4.5 20.9 0.31 10
-1.76 21.65 0.81 10
1.91 22.25 1.1 10
5.98 22.63 1.069 10
10.269 22.66 0.82 10
14.549 22.269 1.24 10
18.109 21.55 2.07 10
20.75 20.02 2.659 10
24.119 18.16 3.179 10
27.64 16.139 3.06 10
30.63 14.29 2.53 10
33.53 13.58 2.72 10
36.64 12.599 2.95 10
39.239 10.559 2.96 10
39.25 8.559 3.09 10
39.25 7.379 3.439 10
39.25 5.879 4.049 10
39.25 3.53 4.23 10
39.25 1.4 4.089 10
39.25 -0.95 3.379 10
39.25 -3.79 2.79 10
34.77 -6.19 2.59 10
29.71 -8.22 3.3 10
24.97 -10.92 3.889 10
19.08 -13.889 4.2 10
13.38 -17.05 4.49 10
8.83 -20.27 4.259 10
4.83 -22.89 3.46 10
1.329 -24.38 2.84 10
-1.06 -25.539 2.75 10
-3.26 -27.24 3.23 10
-4.779 -27.769 3.84 10
-5.16 -28.46 4.42 10
-6.009 -28.83 4.81 10
-6.43 -28.75 5.13 10
-6.779 -28.72 4.88 10
-6.899 -28.22 4.35 10
-6.2 -27.15 3.73 9
-4.7 -26.08 2.899 10
-2.629 -24.539 2.22 10
0.77 -23.38 1.63 10
4.46 -21.49 0.979 10
7.45 -20.39 0.21 10
10.849 -20.16 -0.58 10
13.759 -20.35 -1.27 10
17.369 -20.949 -1.709 10
23.71 -21.109 -0.7 10
30.109 -19.92 1.03 10
36.29 -17.85 2.889 10
39.23 -15.58 4.509 10
39.25 -13.66 5.47 10
39.25 -11.429 6.21 10
39.25 -8.349 7.549 10
39.25 -5.17 8.059 10
39.25 -2.679 7.97 10
39.25 -0.07 8.099 10
39.25 2.19 7.899 10
35.19 4.65 7.25 10
29.74 5.9 6.2 10
24.98 6.73 5.44 10
20.96 7.819 4.79 10
17.67 9.09 3.429 10
15.019 9.849 2.37 10
12.059 11.7 1.449 10
9.67 14.7 0.59 10
7.5 17.72 0.089 10
6.31 21.08 -0.83 10
5.02 23.63 -1.52 10
3.939 25.359 -1.449 10
3.629 26.33 -1.54 10
3.709 26.17 -1.02 10
4.35 26.369 -0.359 10
5.109 26.689 0.53 10
5.779 26.71 1.48 10
7.2 26.519 2.04 10
9.29 25.779 2.29 10
11.36 24.9 1.86 10
14.28 23.38 1.36 10
16.56 21.4 0.32 10
17.8 18.81 -0.71 10
18.72 16.219 -1.29 10
20.41 12.139 -1.339 10
22.67 9.099 -1.069 10
26.099 6.529 -1.079 10
30.3 4.38 -1.03 10
33.489 2.95 -0.75 10
35.469 1.839 -0.299 10
37.719 -0.02 0.179 10
39.19 -1.579 0.5 10
39.25 -3.709 0.63 10
39.25 -6.06 0.24 10
39.25 -8.66 -0.12 10
39.25 -10.4 -0.51 10
39.25 -11.01 -0.42 10
38.1 -11.42 0.04 10
33.649 -11.84 0.71 10
29.32 -12.67 1.25 10
24.63 -14.34 1.959 10
19.34 -15.639 2.37 10
14.28 -16.74 2.56 10
10.05 -17.74 2.53 10
6.62 -18.77 1.979 10
2.649 -18.96 1.75 10
0.55 -19.39 1.819 9
-1.05 -19.779 2.0 10
-2.02 -19.869 2.05 10
-2.59 -19.779 2.22 10
-3.49 -19.689 2.44 10
-4.62 -20.0 2.51 10
-5.359 -20.189 2.2 10
-5.89 -20.26 1.62 10
-5.83 -20.21 1.14 10
-5.71 -19.5 0.729 10
-5.41 -18.22 0.32 10
-4.21 -16.85 0.31 10
-2.78 -15.559 0.12 10
-1.0 -14.12 0.07 10
1.199 -13.179 -0.26 10
2.96 -12.41 -0.919 10
5.279 -12.679 -2.04 10
8.5 -13.219 -3.07 10
13.49 -13.309 -3.49 10
17.1 -11.34 -3.04 10
22.3 -8.929 -2.639 10
28.22 -6.93 -2.53 10
33.28 -5.93 -2.5 10
36.1 -4.56 -2.36 10
36.57 -2.75 -1.99 10
35.16 -1.68 -2.169 10
33.54 -0.68 -2.25 10
32.5 0.359 -1.77 10
30.72 1.339 -1.449 10
27.68 2.149 -0.979 10
24.939 3.56 -0.07 10
22.039 4.77 0.39 10
19.109 5.67 0.63 10
16.66 6.37 0.969 10
15.15 7.0 1.03 10
13.349 8.08 0.81 10
11.469 9.49 0.59 10
9.54 11.15 1.04 10
7.399 13.809 1.79 10
5.0 16.71 2.28 10
3.709 18.07 2.7 10
3.59 18.32 2.929 10
3.02 18.42 2.679 10
3.37 18.46 2.31 10
3.899 18.47 2.37 10
3.37 19.25 2.5 10
3.78 20.17 2.82 10
4.089 20.81 3.29 10
4.73 21.25 3.389 10
6.24 21.109 3.3 10
8.23 20.72 3.03 10
10.429 19.76 2.909 10
12.24 18.21 2.56 10
13.349 16.4 2.22 10
14.269 14.059 1.76 10
15.54 11.509 1.55 10
17.46 8.88 1.65 10
21.109 6.08 1.51 10
25.859 4.1 1.43 10
29.869 3.929 1.04 10
30.609 3.389 0.719 10
32.489 1.89 0.22 10
35.48 -0.24 0.089 10
36.43 -1.73 -0.28 10
35.34 -3.24 -0.52 10
33.5 -4.24 -0.35 10
31.07 -5.31 -0.57 9
27.46 -6.68 -0.87 10
23.519 -8.309 -0.979 10
19.64 -9.74 -0.75 10
15.42 -11.17 -0.77 10
11.179 -12.46 -0.859 10
7.879 -13.17 -0.75 10
5.799 -13.75 -0.19 10
4.049 -14.24 0.459 10
3.01 -14.639 1.02 10
2.679 -15.219 1.459 10
2.26 -16.039 1.48 10
1.689 -16.699 1.17 10
1.01 -16.94 0.789 10
-0.669 -16.76 0.88 10
-1.589 -16.48 1.24 10
-2.52 -16.47 1.86 10
-2.95 -16.57 2.409 10
-3.01 -17.06 2.47 10
-2.649 -17.63 2.46 10
-2.19 -17.609 2.2 10
-1.56 -17.13 1.74 10
-0.7 -16.109 1.439 10
0.599 -15.08 1.16 10
2.29 -14.12 1.02 10
4.17 -13.389 1.01 10
6.45 -13.179 0.789 10
9.3 -13.429 0.329 10
13.559 -14.16 0.01 10
19.05 -14.94 0.59 10
23.97 -13.94 1.86 10
27.66 -10.26 3.52 10
31.82 -8.599 4.16 10
36.21 -8.179 4.589 10
38.18 -6.899 5.2 10
37.61 -4.569 6.0 10
37.1 -3.56 5.98 10
36.16 -1.74 6.16 10
32.75 0.45 5.98 10
28.619 1.77 6.04 10
24.689 1.699 5.83 10
20.09 1.91 5.17 10
15.99 2.37 4.5 10
13.639 2.659 4.259 10
11.94 3.48 3.6 10
10.37 4.73 2.79 10
8.8 5.85 2.08 10
6.839 6.49 1.53 10
4.83 7.74 1.29 10
3.59 9.28 0.74 10
2.81 10.16 0.429 10
2.97 10.76 0.179 10
2.59 11.099 -0.299 10
2.37 11.099 -0.29 10
2.34 11.25 0.329 10
1.29 11.84 0.31 10
0.69 12.41 1.069 10
0.68 13.309 1.53 10
2.01 14.75 1.26 10
4.31 15.61 0.659 10
7.259 16.39 -0.199 10
9.809 16.6 -1.12 10
11.55 16.15 -1.76 10
12.41 15.21 -1.75 10
12.5 13.69 -1.8 10
13.45 11.32 -2.3 10
14.53 9.349 -3.05 10
16.46 7.79 -4.45 9
19.189 5.98 -5.41 10
22.35 4.259 -6.37 10
25.019 2.32 -6.17 10
27.14 0.93 -5.029 10
28.24 -0.61 -4.47 10
29.41 -2.61 -4.06 10
31.25 -4.89 -4.22 10
33.86 -6.899 -5.279 10
34.63 -8.099 -5.64 10
34.29 -9.179 -5.609 10
34.5 -11.11 -5.41 10
34.23 -13.24 -5.15 10
31.71 -14.49 -4.99 10
29.789 -15.269 -4.93 10
27.46 -16.01 -4.75 10
24.9 -16.699 -5.0 10
22.85 -17.41 -5.48 10
20.33 -17.58 -5.5 10
17.31 -17.029 -4.75 10
15.269 -16.65 -4.14 10
14.54 -16.19 -3.73 10
13.7 -15.61 -3.78 10
13.42 -15.19 -3.639 10
13.17 -14.83 -3.76 10
12.139 -14.679 -2.81 10
10.46 -14.44 -2.24 10
9.07 -14.87 -1.66 10
7.81 -16.029 -0.63 10
5.9 -16.09 0.229 10
3.83 -15.73 1.28 10
2.139 -16.15 2.419 10
-0.01 -15.929 3.3 10
-2.159 -14.929 4.79 10
-3.59 -14.589 5.89 10
-6.24 -15.309 6.529 10
-9.2 -14.79 7.069 10
-10.48 -14.61 7.02 10
-11.44 -14.86 7.58 10
-11.95 -14.259 7.779 10
-10.8 -14.48 8.78 10
-9.429 -14.2 9.88 10
-8.26 -13.719 10.36 10
-7.379 -13.219 10.82 10
-7.87 -11.99 10.48 10
-9.059 -9.71 10.0 10
-8.73 -8.84 9.91 10
-7.129 -8.559 8.45 10
-5.16 -7.049 6.279 10
-1.589 -5.83 3.879 10
3.449 -5.72 1.74 10
7.56 -4.16 0.149 10
13.429 -3.689 3.0 10
21.06 -5.4 6.98 10
29.14 -1.81 10.54 10
34.28 1.06 9.09 10
39.25 3.23 3.48 10
39.25 9.349 -2.5 10
39.25 7.819 -9.34 10
39.25 7.149 -9.29 10
39.25 14.67 -9.01 10
39.25 17.39 -6.79 10
39.25 15.65 -3.25 9
39.25 11.929 -1.42 10
32.36 8.23 0.37 10
22.47 5.259 0.82 10
16.97 2.1 0.96 10
13.9 0.329 0.75 10
12.09 0.38 -0.26 10
10.86 0.229 -1.689 10
9.58 0.13 -3.25 10
8.01 0.11 -4.61 10
6.319 0.14 -4.94 10
3.77 -0.089 -4.089 10
1.329 0.02 -3.629 10
-0.989 0.13 -3.53 10
-1.67 -0.41 -3.37 10
-1.319 -1.42 -3.58 10
-0.299 -1.979 -4.33 10
1.319 -2.62 -4.72 10
3.35 -2.69 -4.44 10
4.62 -2.389 -3.909 10
5.99 -1.66 -3.26 10
5.609 -0.149 -2.23 10
3.879 0.45 -2.18 10
2.629 0.01 -3.699 10
1.8 -0.099 -4.65 10
0.53 -1.12 -5.5 10
-0.099 -2.02 -5.21 10
-0.26 -2.79 -5.2 10
-0.48 -2.78 -5.779 10
-0.59 -2.08 -5.509 10
-0.65 -0.199 -5.35 10
0.21 1.03 -4.13 10
2.27 0.989 -2.08 10
3.79 0.269 -0.719 10
5.5 -0.969 0.539 10
6.819 -2.46 1.79 9
7.17 -3.889 2.83 10
7.45 -4.97 3.58 10
8.66 -5.7 4.0 10
10.11 -6.73 3.899 10
12.21 -7.399 3.46 10
14.71 -8.13 2.46 10
17.13 -8.49 0.859 10
19.609 -8.86 -0.83 10
22.65 -9.4 -2.46 10
24.939 -9.91 -2.97 10
26.08 -9.67 -3.22 10
28.269 -8.149 -4.02 10
29.779 -5.29 -4.759 10
29.23 -2.81 -4.529 10
28.47 -1.09 -3.31 10
26.26 0.62 -3.36 10
23.15 1.469 -2.939 10
19.8 1.67 -1.63 10
16.33 2.7 -0.59 10
12.099 3.959 -0.299 10
8.75 4.63 0.24 10
5.54 6.339 0.38 10
2.409 8.4 0.7 10
1.23 9.41 0.82 10
0.669 11.5 0.37 10
0.06 13.13 0.37 10
0.7 14.019 0.179 10
1.329 14.719 -0.03 10
2.31 14.809 -0.16 10
3.51 14.82 0.03 10
5.42 15.5 0.25 10
9.679 16.199 0.89 10
14.889 17.279 1.709 10
20.4 18.26 1.39 10
27.41 19.41 4.299 10
34.079 18.34 4.569 10
39.25 12.309 4.25 10
39.25 10.7 6.509 10
39.25 18.1 15.4 10
39.25 16.359 14.299 10
39.25 13.13 11.639 10
39.25 9.05 9.9 10
39.25 3.37 8.66 10
39.25 -2.27 7.45 10
39.25 -6.509 7.149 10
36.35 -12.9 7.17 10
29.83 -16.5 8.01 10
24.42 -18.5 9.66 10
19.77 -19.029 10.769 10
15.65 -18.82 11.3 10
12.3 -18.779 11.98 10
8.87 -20.449 12.59 10
5.45 -22.619 12.54 10
3.81 -24.88 12.65 10
2.04 -26.109 12.58 10
0.16 -26.72 12.19 10
-2.23 -27.64 12.05 10
-4.589 -28.14 11.58 10
-5.779 -28.3 10.67 10
-6.549 -28.769 9.55 10
-6.259 -28.56 7.93 10
-5.04 -27.84 6.44 10
-3.25 -26.41 5.06 9
-0.93 -25.18 3.51 10
2.27 -23.85 1.979 10
5.1 -22.22 0.44 10
7.029 -20.68 -0.64 10
8.519 -18.84 -1.36 10
9.23 -18.199 -2.3 10
10.36 -18.34 -3.129 10
12.67 -19.039 -4.35 10
16.309 -20.05 -6.359 10
21.08 -20.359 -7.5 10
27.4 -20.38 -7.64 10
35.91 -18.42 -7.669 10
39.23 -13.24 -7.569 10
39.25 -5.44 -7.97 10
39.25 -1.86 -6.37 10
39.25 1.86 -4.259 10
39.25 7.529 -2.18 10
39.25 10.66 1.09 10
39.25 12.809 2.639 10
35.38 13.34 2.79 10
25.99 12.929 2.77 10
20.38 12.91 2.939 10
15.94 13.219 3.449 10
12.389 14.21 3.74 10
9.61 14.83 3.169 10
7.669 15.049 2.57 10
4.62 15.719 1.709 10
2.27 16.379 0.859 10
0.26 17.07 0.399 10
-1.73 17.869 -0.14 10
-3.53 18.71 -0.83 10
-5.9 19.46 -1.189 10
-7.54 19.88 -1.829 10
-8.679 19.59 -2.2 10
-9.05 19.24 -2.939 10
-8.47 18.32 -3.47 10
-7.779 17.34 -3.79 10
-7.049 16.379 -4.18 10
-6.17 15.46 -3.87 10
-4.68 14.849 -3.34 10
-1.99 14.509 -2.929 10
1.11 14.219 -2.5 10
4.75 14.46 -2.01 10
8.47 15.03 -1.599 10
12.0 15.29 -0.969 10
16.32 15.29 -0.179 10
21.189 15.769 0.81 10
26.41 15.69 1.599 10
32.09 15.269 2.919 10
39.25 16.82 4.06 10
39.25 17.23 3.23 10
39.25 16.8 2.44 10
39.25 14.38 1.89 10
39.25 10.88 1.709 10
39.25 7.74 1.189 10
39.25 3.87 0.53 10
39.25 -0.16 0.17 10
39.25 -3.33 0.229 10
36.67 -6.21 0.61 10
30.67 -8.51 1.53 10
25.43 -11.16 2.44 10
21.06 -13.88 3.679 9
16.33 -15.12 4.35 10
12.19 -17.23 5.279 10
8.37 -18.8 5.609 10
5.93 -19.88 5.509 10
4.24 -20.58 5.47 10
2.6 -20.68 5.27 10
0.61 -21.41 5.13 10
-1.569 -22.05 4.9 10
-3.28 -22.71 4.62 10
-4.45 -23.89 4.37 10
-5.02 -24.6 3.76 10
-4.89 -24.189 3.01 10
-4.39 -23.71 2.05 10
-3.1 -22.609 0.83 10
-1.41 -21.5 -0.25 10
0.919 -20.46 -1.719 10
2.59 -18.71 -3.24 10
3.8 -16.81 -4.23 10
5.12 -15.15 -5.1 10
6.58 -13.91 -5.92 10
8.86 -13.0 -6.85 10
11.86 -12.11 -7.669 10
15.809 -10.639 -8.37 10
21.74 -8.88 -8.46 10
29.359 -6.109 -8.47 10
38.219 -1.11 -9.32 10
39.25 3.61 -9.4 10
39.25 5.95 -7.98 10
39.25 7.609 -6.2 10
39.25 9.86 -3.409 10
39.25 11.11 -1.14 10
39.25 10.769 0.89 10
34.13 9.75 2.45 10
26.269 8.139 3.25 10
20.16 7.33 3.62 10
15.69 6.93 4.0 10
12.92 6.899 3.82 10
11.059 7.45 3.52 10
9.3 7.77 3.01 10
7.859 7.99 2.45 10
6.46 8.46 2.139 10
4.339 9.55 1.819 10
2.36 10.36 1.49 10
0.08 11.929 1.17 10
-1.55 13.37 0.669 10
-3.12 14.349 0.81 10
-4.859 15.53 0.69 10
-6.56 16.27 0.7 10
-7.799 16.66 0.799 10
-8.76 16.75 0.64 10
-9.38 16.58 0.659 10
-8.95 16.07 1.06 10
-8.34 15.75 1.27 10
-6.71 15.24 1.75 10
-4.85 15.089 1.819 10
-3.1 14.98 1.77 10
-0.74 15.07 1.689 10
1.459 15.009 1.449 10
3.83 14.92 0.969 10
6.16 14.12 0.849 10
8.32 13.63 0.57 10
12.719 14.44 0.77 9
17.6 16.55 0.48 10
24.51 18.47 0.25 10
32.48 20.289 0.35 10
39.25 21.359 1.15 10
39.25 19.42 1.23 10
39.25 18.279 1.48 10
39.25 16.19 1.81 10
39.25 12.04 1.06 10
39.25 8.679 1.29 10
39.25 6.5 0.58 10
39.25 3.949 0.099 10
39.25 0.88 0.26 10
37.36 -2.32 0.68 10
30.15 -6.799 1.819 10
24.529 -9.94 2.52 10
18.869 -12.88 3.34 10
13.519 -14.839 3.87 10
9.78 -16.63 4.299 10
7.319 -17.94 4.569 10
5.31 -18.22 4.36 10
4.009 -18.15 3.919 10
3.3 -19.21 3.72 10
1.39 -20.91 3.5 10
-0.57 -21.83 3.54 10
-1.569 -22.199 3.669 10
-2.0 -22.64 3.56 10
-2.5 -22.289 3.25 10
-2.32 -21.84 2.75 10
-1.969 -21.67 1.75 10
-1.28 -21.38 0.41 10
-0.95 -20.68 -0.82 10
-0.68 -19.52 -2.25 10
0.17 -18.16 -3.28 10
1.25 -16.66 -4.13 10
2.379 -15.41 -4.69 10
4.6 -14.34 -5.259 10
7.129 -13.66 -5.58 10
10.63 -13.33 -6.109 10
14.58 -13.4 -5.96 10
18.609 -13.09 -5.24 10
24.22 -13.019 -4.42 10
31.15 -10.469 -3.629 10
39.02 -6.399 -4.589 10
39.25 -2.629 -5.299 10
39.25 0.81 -5.42 10
39.25 3.169 -3.669 10
39.25 5.27 -1.76 10
39.25 7.08 -0.25 10
39.25 8.38 0.75 10
35.44 9.12 0.859 10
28.07 9.559 0.59 10
22.81 9.79 0.31 10
19.21 10.21 0.0 10
16.64 10.74 -0.35 10
14.32 11.7 -0.69 10
11.69 12.389 -1.18 10
9.96 12.5 -1.43 10
6.87 12.82 -1.74 10
3.679 13.92 -1.42 10
0.0 15.15 -1.29 10
-3.05 16.89 -1.03 10
-6.14 18.789 -0.729 9
-8.47 20.21 -0.47 10
-9.57 20.75 -0.19 10
-9.36 21.09 0.57 10
-8.49 21.48 0.76 10
-7.85 21.66 0.83 10
-7.109 21.48 1.4 10
-6.509 20.85 1.49 10
-5.509 19.939 1.579 10
-4.44 19.07 1.76 10
-3.159 18.27 1.53 10
-0.64 17.6 1.13 10
2.11 17.68 0.57 10
5.37 17.42 0.11 10
9.61 18.09 -0.32 10
15.04 19.199 -0.69 10
20.83 19.869 -0.77 10
28.22 20.34 -0.84 10
35.02 21.439 -0.539 10
39.25 21.85 0.12 10
39.25 21.74 -0.24 10
39.25 18.359 -0.849 10
39.25 14.67 -1.38 10
39.25 11.83 -1.73 10
39.25 7.81 -1.819 10
39.25 3.86 -2.389 10
39.25 1.39 -2.0 10
39.25 -1.41 -1.15 10
39.219 -4.16 0.5 10
33.25 -6.85 2.32 10
27.43 -10.309 3.909 10
21.97 -13.139 5.18 10
17.14 -14.719 6.06 10
12.98 -17.199 7.2 10
9.59 -19.49 7.279 10
7.49 -21.59 7.47 10
5.22 -23.59 7.47 10
1.92 -24.689 7.18 10
-0.089 -25.689 6.94 10
-2.05 -27.17 6.509 10
-3.73 -28.17 6.06 10
-4.839 -28.72 5.17 10
-5.52 -28.73 4.14 10
-5.509 -27.9 2.82 10
-5.009 -26.8 0.87 10
-3.72 -25.599 -1.329 10
-1.74 -24.0 -3.08 10
0.39 -22.14 -4.58 10
2.139 -19.84 -5.54 10
3.98 -17.56 -6.08 10
5.68 -16.449 -6.19 10
7.779 -15.57 -6.16 10
10.099 -15.03 -6.1 10
13.53 -15.53 -6.259 10
17.91 -15.96 -5.91 10
24.24 -15.86 -5.54 10
34.57 -13.87 -5.779 10
39.21 -7.46 -7.62 10
39.25 -1.469 -9.58 10
39.25 4.35 -8.189 10
39.25 8.73 -6.37 10
39.25 11.37 -3.34 10
39.25 13.08 -0.81 9
39.25 12.12 1.0 10
34.559 9.98 2.19 10
23.89 8.08 3.1 10
16.82 7.009 3.83 10
12.78 6.85 4.13 10
10.5 7.17 4.04 10
8.78 8.2 3.51 10
7.2 8.49 2.76 10
5.65 8.639 1.76 10
3.56 9.11 0.799 10
1.49 10.29 0.35 10
-0.799 11.94 0.19 10
-2.5 14.049 -0.01 10
-3.98 16.09 -0.06 10
-4.509 17.65 -0.229 10
-5.27 19.32 -0.489 10
-6.04 20.55 -0.55 10
-6.66 21.539 -0.29 10
-6.95 22.15 0.21 10
-6.85 22.43 1.02 10
-5.97 22.5 1.86 10
-4.259 22.17 2.29 10
-2.18 21.9 2.53 10
0.01 21.4 2.379 10
1.62 20.449 2.36 10
3.02 19.31 2.169 10
4.36 18.3 1.939 10
6.72 17.619 1.63 10
10.7 18.13 1.39 10
15.91 18.57 0.719 10
21.939 19.01 -0.39 10
29.619 20.289 -1.74 10
37.079 21.56 -3.56 10
39.239 21.26 -4.74 10
39.25 20.0 -6.129 10
39.25 16.27 -7.22 10
39.25 12.45 -6.81 10
39.25 9.15 -5.52 10
39.25 5.24 -4.16 10
39.25 0.599 -3.26 10
39.25 -2.8 -2.409 10
39.25 -5.529 -1.4 10
39.079 -8.4 0.399 10
33.5 -10.78 2.129 10
28.349 -11.809 2.86 10
23.81 -14.12 4.029 10
19.029 -15.089 4.27 10
14.73 -16.449 4.819 10
11.429 -18.68 4.88 10
8.189 -20.35 4.96 10
5.66 -20.88 4.799 10
3.28 -21.039 4.63 10
1.3 -21.99 4.72 10
-0.61 -23.029 4.779 10
-2.04 -23.83 5.029 10
-2.889 -25.199 4.74 10
-4.009 -26.59 4.009 10
-5.14 -26.9 2.899 10
-5.64 -26.51 1.709 10
-5.66 -25.74 0.459 10
-4.72 -24.42 -0.799 10
-2.72 -22.269 -2.21 9
-0.39 -20.55 -2.99 10
2.32 -18.89 -3.689 10
5.029 -17.05 -4.39 10
7.259 -15.429 -5.069 10
9.22 -14.0 -5.69 10
11.639 -13.309 -6.68 10
14.32 -13.41 -7.509 10
18.029 -13.349 -8.12 10
25.0 -12.04 -8.51 10
33.52 -9.26 -9.179 10
39.25 -4.54 -9.889 10
39.25 -1.449 -10.639 10
39.25 0.55 -10.38 10
39.25 3.21 -8.76 10
39.25 6.48 -6.529 10
39.25 8.929 -4.72 10
39.25 8.33 -3.5 10
37.809 8.059 -2.11 10
31.349 8.179 -0.88 10
25.57 7.7 0.17 10
21.039 7.6 0.909 10
16.8 8.32 1.23 10
14.559 9.09 1.329 10
12.67 9.86 1.16 10
11.25 10.55 1.09 10
9.19 11.79 1.02 10
7.009 13.219 1.16 10
4.38 14.7 1.22 10
1.75 16.55 1.0 10
-0.84 18.17 0.909 10
-3.409 19.58 0.74 10
-5.589 20.55 0.52 10
-6.91 21.07 0.489 10
-7.17 21.14 0.539 10
-6.89 21.0 0.59 10
-5.99 20.71 1.01 10
-4.77 20.21 1.339 10
-3.29 19.38 1.52 10
-1.79 18.55 1.54 10
-0.11 17.56 1.53 10
1.67 16.209 1.49 10
3.6 15.009 1.22 10
5.759 14.23 0.81 10
9.32 13.929 -0.229 10
13.28 14.219 -1.209 10
17.3 14.969 -1.959 10
21.32 15.889 -3.08 10
26.05 17.06 -4.009 10
34.16 16.96 -5.25 10
39.25 16.63 -6.799 10
39.25 15.25 -8.019 10
39.25 13.7 -8.25 10
39.25 10.969 -8.0 10
39.25 8.97 -7.149 10
39.25 5.75 -6.629 10
39.25 3.61 -6.44 10
39.25 1.88 -5.68 10
38.829 -0.75 -4.529 10
34.41 -2.78 -2.97 10
29.39 -4.98 -1.18 10
24.84 -7.589 0.75 10
20.39 -9.78 2.3 9
16.6 -11.36 3.28 10
13.389 -13.25 4.49 10
9.969 -15.559 5.47 10
6.18 -17.789 5.879 10
3.8 -19.289 6.18 10
1.76 -20.76 6.27 10
-0.38 -22.039 6.29 10
-2.37 -23.74 6.339 10
-3.61 -25.47 6.04 10
-4.2 -27.05 5.27 10
-4.68 -27.84 4.42 10
-5.029 -27.38 3.659 10
-4.88 -26.23 2.639 10
-3.74 -24.83 1.17 10
-1.87 -23.63 -0.03 10
0.76 -21.6 -1.24 10
3.31 -19.89 -2.429 10
6.06 -18.51 -3.939 10
8.139 -16.93 -5.45 10
9.94 -15.71 -6.759 10
12.259 -15.599 -8.16 10
15.62 -15.48 -8.49 10
20.66 -14.469 -8.79 10
28.65 -11.99 -9.7 10
38.26 -8.389 -11.78 10
39.25 -5.569 -13.5 10
39.25 -0.26 -13.469 10
39.25 3.11 -11.37 10
39.25 7.2 -8.22 10
39.25 10.36 -5.299 10
39.25 10.99 -3.49 10
39.09 11.889 -2.1 10
32.0 12.23 -1.0 10
25.529 11.309 0.099 10
20.359 11.179 0.989 10
16.82 11.099 1.31 10
14.139 11.19 1.49 10
12.13 11.32 1.53 10
10.12 11.559 1.49 10
7.47 12.11 1.15 10
4.79 12.9 1.12 10
1.61 13.99 1.13 10
-1.64 15.179 0.87 10
-4.63 16.359 1.06 10
-7.12 17.279 1.329 10
-9.17 17.81 1.39 10
-10.429 18.029 1.77 10
-10.69 18.01 2.169 10
-10.04 18.13 2.22 10
-8.79 18.3 2.59 10
-7.21 18.279 2.899 10
-5.66 17.97 2.939 10
-3.28 17.949 2.909 10
-0.789 18.279 2.53 10
1.67 18.39 2.08 10
4.48 18.23 1.449 10
8.41 18.51 0.44 10
12.9 18.51 -0.41 10
18.18 18.289 -1.74 10
23.289 18.49 -3.149 10
25.66 19.71 -3.5 10
28.38 19.43 -3.699 10
35.6 16.539 -4.41 10
39.25 15.29 -5.02 10
39.25 15.2 -4.83 10
39.25 14.889 -4.89 10
39.25 13.559 -4.25 10
39.25 10.83 -4.04 10
39.25 8.17 -4.17 10
39.25 5.56 -3.86 10
39.25 2.71 -3.57 10
39.2 -0.17 -3.149 10
34.95 -3.32 -1.93 10
29.38 -6.259 -0.84 10
25.199 -9.11 0.13 10
21.25 -11.429 1.25 10
17.59 -12.42 1.979 10
14.88 -13.58 2.49 10
12.57 -15.33 3.37 10
10.4 -16.65 3.699 10
8.74 -17.859 3.659 10
7.54 -19.6 3.74 10
5.18 -21.789 3.919 10
2.08 -23.06 4.2 10
-0.329 -24.56 4.46 10
-2.409 -26.66 4.74 10
-4.15 -28.199 4.7 10
-5.12 -28.92 4.54 10
-5.41 -29.279 4.12 10
-5.319 -28.67 3.189 10
-4.37 -27.619 2.0 10
-2.83 -25.949 0.55 10
-0.25 -23.869 -0.969 10
1.92 -21.529 -2.61 10
4.23 -19.46 -3.72 9
7.04 -17.33 -4.92 10
9.019 -16.369 -5.779 10
13.0 -15.29 -6.649 10
17.109 -14.82 -6.89 10
22.33 -13.98 -6.67 10
29.76 -12.15 -6.97 10
39.25 -7.2 -8.189 10
39.25 -2.879 -9.809 10
39.25 -0.37 -9.7 10
39.25 2.929 -7.279 10
39.25 5.549 -4.52 10
39.25 7.879 -2.85 10
39.25 9.17 -2.73 10
39.25 8.95 -2.86 10
38.18 9.8 -2.56 10
34.19 9.95 -1.76 10
29.01 10.44 -1.439 10
24.24 10.28 -0.42 10
19.85 10.099 -0.01 10
16.42 9.99 0.14 10
13.559 9.92 0.16 10
10.99 9.84 0.21 10
8.47 10.21 0.01 10
6.04 10.67 0.28 10
3.409 11.37 0.659 10
0.099 12.65 0.58 10
-2.53 13.849 0.64 10
-4.98 14.849 1.35 10
-7.12 15.82 1.91 10
-8.029 16.35 2.409 10
-8.41 16.69 2.79 10
-8.5 17.49 2.649 10
-8.12 18.08 2.409 10
-7.18 18.27 2.31 10
-5.52 18.289 2.28 10
-3.429 17.94 1.9 10
-0.83 18.119 1.65 10
1.949 18.41 0.96 10
4.64 18.16 0.199 10
7.75 17.97 -0.399 10
11.349 18.07 -1.0 10
15.179 17.85 -1.64 10
19.029 17.96 -2.34 10
24.199 18.69 -3.62 10
28.38 19.15 -4.24 10
35.09 18.38 -5.24 10
39.25 17.51 -6.06 10
39.25 16.379 -6.259 10
39.25 14.62 -6.549 10
39.25 11.65 -6.94 10
39.25 8.88 -7.12 10
39.25 6.56 -7.609 10
39.25 4.99 -8.23 10
39.25 3.3 -8.09 10
39.25 0.669 -7.58 10
38.829 -1.88 -6.12 10
33.899 -4.569 -4.58 10
29.019 -7.21 -2.98 10
24.65 -10.19 -1.35 10
19.83 -12.61 0.5 10
15.599 -14.009 1.56 10
12.38 -15.929 2.899 10
9.33 -17.64 3.8 10
6.56 -18.69 4.259 10
4.77 -19.93 4.589 10
2.72 -21.13 4.7 9
1.63 -21.9 4.9 10
0.02 -23.92 5.74 10
-0.88 -25.06 5.91 10
-1.339 -25.75 5.94 10
-2.12 -26.15 5.81 10
-2.81 -26.17 5.339 10
-2.629 -25.699 4.45 10
-1.819 -25.15 3.51 10
-0.52 -24.09 2.149 10
1.39 -22.89 0.7 10
3.12 -21.58 -0.75 10
4.759 -19.91 -2.22 10
6.049 -18.8 -3.379 10
7.379 -18.25 -4.36 10
9.53 -18.05 -5.089 10
12.73 -18.199 -5.41 10
17.02 -18.41 -4.97 10
22.869 -17.98 -4.47 10
28.8 -16.309 -3.99 10
34.43 -14.389 -4.0 10
39.25 -12.29 -4.069 10
39.25 -7.399 -3.399 10
39.25 -4.15 -3.51 10
39.25 -1.319 -3.1 10
39.25 2.379 -2.1 10
39.25 5.58 -1.66 10
39.25 8.069 -1.569 10
39.25 9.889 -1.329 10
39.12 10.5 -0.69 10
33.13 10.07 0.28 10
28.38 9.19 1.89 10
23.66 8.73 2.96 10
19.34 8.5 3.77 10
16.039 8.42 4.72 10
13.67 8.019 5.299 10
11.36 7.93 5.9 10
9.26 7.17 6.379 10
7.04 6.47 7.089 10
4.509 6.7 7.52 10
2.21 6.95 7.669 10
0.179 7.89 8.08 10
-1.09 9.389 7.919 10
-1.16 11.139 7.14 10
-0.5 12.799 6.839 10
0.089 13.33 6.029 10
1.0 13.53 5.37 10
1.26 13.53 4.759 10
0.56 12.849 4.069 10
-0.24 12.58 3.06 10
-1.64 12.73 1.42 10
-1.87 12.36 -0.489 10
-1.589 11.58 -2.69 10
-0.669 10.09 -5.1 10
2.12 8.71 -7.629 10
3.73 8.04 -10.03 10
5.64 8.51 -12.94 10
7.879 9.17 -15.57 10
10.3 9.8 -17.619 10
14.7 9.57 -19.07 10
20.47 8.67 -20.41 10
26.64 7.74 -21.07 10
32.92 6.15 -20.82 10
36.719 4.339 -20.42 10
38.52 1.969 -20.16 10
38.57 -0.41 -19.99 10
37.05 -2.659 -18.779 9
34.57 -4.839 -16.789 10
31.21 -6.609 -14.15 10
29.24 -7.75 -12.009 10
27.55 -8.769 -10.78 10
25.84 -9.62 -9.269 10
24.47 -10.53 -7.93 10
23.24 -11.78 -6.64 10
21.289 -11.849 -6.37 10
19.14 -11.259 -5.759 10
15.57 -9.84 -5.02 10
12.019 -8.599 -4.65 10
10.51 -8.139 -4.02 10
9.4 -8.149 -3.61 10
7.97 -7.839 -3.179 10
6.43 -7.759 -2.52 10
4.94 -7.79 -1.63 10
3.409 -7.72 -1.05 10
2.72 -7.779 -0.69 10
3.01 -8.63 -0.7 10
3.55 -9.139 -0.69 10
4.16 -9.51 -0.22 10
4.569 -9.929 0.359 10
4.799 -10.62 0.96 10
4.42 -11.15 1.64 10
3.03 -11.639 2.28 10
1.9 -11.49 2.5 10
0.41 -11.099 2.32 10
-0.82 -11.019 1.92 10
-2.02 -10.53 1.25 10
-3.389 -10.07 0.599 10
-3.929 -9.519 -0.329 10
-4.38 -8.41 -1.04 10
-4.46 -6.069 -2.28 10
-4.009 -3.5 -3.919 10
-1.23 -1.459 -4.859 10
3.73 -0.02 -5.72 10
8.94 3.5 -6.6 10
13.639 8.559 -6.48 10
17.199 11.01 -6.47 10
19.93 12.429 -6.44 10
22.779 13.84 -5.87 10
25.93 14.099 -6.41 10
28.76 14.589 -6.629 10
29.019 15.269 -6.819 10
27.4 15.36 -6.5 10
25.279 15.57 -6.29 10
21.72 14.28 -5.42 10
19.01 13.179 -4.779 10
16.41 11.71 -3.75 10
14.259 10.19 -2.69 10
12.139 8.82 -1.79 10
10.28 7.64 -1.17 10
8.769 6.35 -0.489 10
7.54 5.339 0.26 10
6.18 4.46 0.94 10
5.37 3.62 1.35 10
4.9 2.74 1.75 10
4.799 2.08 2.1 10
4.68 1.589 2.18 10
4.69 0.96 2.389 10
4.549 0.64 2.58 10
4.39 0.12 2.48 10
4.36 -0.38 2.19 10
4.23 -1.18 1.949 10
3.79 -1.61 1.469 10
3.24 -1.829 0.88 9
3.08 -2.149 0.669 10
2.85 -2.22 0.47 10
2.53 -2.32 0.25 10
2.51 -2.53 0.21 10
2.379 -2.419 0.24 10
2.2 -2.44 0.14 10
2.149 -2.35 0.06 10
2.21 -2.18 -0.13 10
2.899 -1.599 -0.39 10
3.77 -1.329 -0.48 10
4.35 -0.48 -0.61 10
5.4 0.81 -0.68 10
6.799 2.139 -0.089 10
8.059 3.389 0.5 10
10.13 4.46 0.969 10
11.48 6.02 1.4 10
12.37 7.39 1.819 10
12.21 8.149 2.18 10
11.309 8.8 2.169 10
9.95 8.65 2.169 10
9.01 8.37 2.6 10
8.519 8.45 2.919 10
8.71 9.13 3.149 10
9.13 10.3 3.03 10
10.54 12.71 2.02 10
12.44 14.61 1.16 10
14.04 15.86 0.25 10
16.16 17.199 -0.729 10
19.02 18.65 -1.11 10
20.6 20.189 -1.31 10
22.199 21.57 -1.28 10
24.33 22.31 -0.729 10
25.22 22.609 -0.429 10
26.609 22.84 -0.37 10
28.869 22.369 -0.269 10
30.67 21.02 -0.35 10
31.13 19.38 -0.429 10
30.359 17.38 -1.03 10
27.82 14.679 -1.329 10
24.449 11.38 -1.39 10
20.869 7.95 -1.54 10
17.4 4.65 -1.65 10
14.259 1.49 -1.51 10
11.33 -1.65 -1.37 10
9.099 -4.71 -0.89 10
6.72 -7.33 -0.53 10
3.99 -10.03 0.14 10
1.87 -12.48 0.57 10
-0.14 -14.219 0.82 10
-1.61 -15.25 1.12 10
-2.12 -16.67 1.66 10
-2.58 -17.91 2.07 10
-2.99 -18.32 2.399 10
-2.33 -18.73 2.34 10
-1.069 -19.24 1.56 10
0.76 -19.359 0.14 10
2.47 -19.05 -1.54 10
3.73 -18.18 -3.74 10
4.42 -18.64 -4.42 10
5.72 -18.41 -4.27 10
6.509 -18.43 -4.77 10
8.28 -18.939 -4.95 10
11.92 -19.63 -4.95 10
16.6 -20.65 -5.73 10
23.269 -19.35 -6.0 10
30.55 -15.589 -6.62 9
38.14 -8.24 -7.99 10
39.25 1.449 -9.679 10
39.25 5.08 -8.389 10
39.25 10.11 -5.56 10
39.25 9.91 -3.02 10
38.78 9.59 2.51 10
30.039 10.99 4.319 10
21.43 8.97 4.33 10
15.53 8.599 4.45 10
11.94 8.79 4.47 10
9.32 9.21 4.58 10
7.339 9.87 4.81 10
5.509 11.019 5.319 10
2.95 13.21 5.21 10
0.04 15.889 4.589 10
-2.429 17.289 4.049 10
-4.73 18.84 3.58 10
-6.43 20.369 3.24 10
-7.009 21.17 3.11 10
-6.77 21.529 2.71 10
-5.4 21.17 2.01 10
-4.0 20.22 0.81 10
-2.57 18.82 0.07 10
-1.92 17.14 -0.459 10
-1.449 15.25 -1.03 10
-0.78 13.389 -1.67 10
0.659 12.16 -2.45 10
3.32 12.16 -3.32 10
6.649 12.49 -4.02 10
10.17 13.48 -4.38 10
14.54 14.73 -4.279 10
17.9 15.469 -4.12 10
21.779 15.0 -3.82 10
25.96 14.219 -3.53 10
28.49 14.849 -3.919 10
32.5 14.29 -4.68 10
37.809 13.429 -4.779 10
39.239 12.87 -4.6 10
39.25 12.33 -4.22 10
39.25 11.57 -3.699 10
39.25 10.0 -3.48 10
39.25 8.149 -3.37 10
39.25 6.589 -2.899 10
39.25 4.38 -1.699 10
39.25 1.0 0.12 10
39.25 -2.52 1.829 10
32.92 -6.18 3.51 10
23.9 -11.46 5.42 10
16.55 -14.11 6.1 10
11.2 -16.97 6.97 10
7.64 -19.23 7.31 10
4.4 -20.5 7.12 10
2.2 -21.3 6.589 10
0.29 -21.64 5.72 10
-1.62 -21.199 4.65 10
-2.03 -21.38 4.1 10
-2.19 -21.32 3.889 10
-2.11 -20.369 3.639 10
-1.41 -19.93 3.82 10
-1.48 -19.619 3.59 10
-2.04 -18.98 2.85 10
-1.959 -18.859 2.27 10
-1.63 -18.51 1.42 10
-0.989 -17.59 0.229 10
0.07 -16.91 -0.93 10
1.319 -16.01 -1.91 9
2.61 -15.049 -3.05 10
4.319 -14.41 -3.919 10
5.91 -13.929 -4.31 10
7.94 -13.21 -4.93 10
10.51 -12.809 -4.6 10
14.07 -12.38 -4.279 10
17.84 -11.88 -4.36 10
22.65 -9.519 -5.04 10
29.359 -6.97 -6.46 10
35.19 -4.04 -7.509 10
39.25 -1.069 -8.76 10
39.25 -0.539 -8.639 10
39.25 -0.199 -7.75 10
39.25 2.939 -7.279 10
39.25 5.759 -6.089 10
39.25 7.97 -5.81 10
39.14 9.519 -4.799 10
37.14 10.62 -3.659 10
33.34 11.599 -2.33 10
28.82 12.48 -1.069 10
24.16 12.9 -0.179 10
19.8 13.32 0.31 10
16.23 13.299 0.5 10
13.799 13.03 0.61 10
11.36 12.66 0.75 10
9.15 12.559 1.18 10
6.44 12.45 1.829 10
4.5 12.71 1.949 10
2.56 13.19 2.09 10
0.94 13.63 2.409 10
-1.069 14.269 2.679 10
-2.81 15.089 2.84 10
-4.96 15.65 2.649 10
-6.71 15.969 2.149 10
-7.71 15.61 1.91 10
-8.13 15.16 1.699 10
-7.6 14.469 1.459 10
-6.009 13.86 1.36 10
-4.859 13.84 0.94 10
-4.069 14.269 0.719 10
-2.95 14.45 0.299 10
-1.53 14.969 -0.45 10
1.39 15.42 -1.37 10
4.96 15.71 -1.939 10
9.04 16.0 -2.45 10
13.45 17.41 -3.0 10
17.46 18.18 -2.879 10
20.98 18.359 -2.659 10
24.269 18.22 -2.47 10
30.65 16.4 -1.939 10
36.54 15.03 -2.04 10
39.23 14.37 -2.379 10
39.25 12.46 -2.899 10
39.25 11.19 -4.13 10
39.25 8.71 -3.33 10
39.25 6.279 -3.27 10
39.25 4.31 -2.98 10
39.25 1.16 -2.1 10
35.12 -1.9 -1.18 10
30.26 -4.24 -0.04 10
25.58 -6.19 1.17 10
21.31 -9.2 2.46 10
16.65 -10.98 3.28 10
12.29 -13.019 3.85 10
8.639 -15.53 4.06 10
5.89 -18.13 4.46 9
3.56 -19.91 4.56 10
1.959 -21.85 4.799 10
0.45 -24.189 5.279 10
-1.569 -26.15 5.839 10
-3.5 -28.24 6.279 10
-4.259 -29.81 5.5 10
-5.39 -30.0 4.089 10
-6.109 -29.05 2.47 10
-5.2 -27.869 0.459 10
-3.399 -26.189 -1.27 10
-0.63 -24.269 -2.939 10
1.969 -22.269 -4.29 10
4.4 -20.289 -5.319 10
6.629 -18.43 -6.339 10
8.98 -16.71 -6.91 10
11.54 -15.37 -7.069 10
15.139 -14.88 -7.009 10
19.59 -14.769 -6.259 10
23.519 -14.45 -4.97 10
28.31 -13.42 -3.959 10
36.89 -9.599 -3.37 10
39.239 -3.87 -2.49 10
39.25 1.24 -2.6 10
39.25 5.7 -2.58 10
39.25 8.42 -1.75 10
39.25 10.24 -1.09 10
39.25 11.599 -0.63 10
33.62 12.009 -0.87 10
27.439 10.559 -1.569 10
22.56 9.55 -1.68 10
18.279 9.09 -1.92 10
15.139 8.91 -2.1 10
12.88 9.099 -2.01 10
10.91 9.25 -2.47 10
9.28 9.25 -2.85 10
7.74 8.87 -3.06 10
5.72 8.57 -3.05 10
3.409 8.83 -2.86 10
0.95 9.57 -2.58 10
-1.35 11.53 -2.08 10
-3.56 13.599 -2.59 10
-5.13 15.349 -3.03 0
-5.99 16.51 -2.74 10
-7.089 17.57 -2.6 10
-7.73 18.19 -2.04 10
-7.359 18.81 -1.78 10
-6.95 19.0 -1.99 10
-5.43 18.51 -1.54 10
-3.77 18.119 -1.339 10
-2.0 17.33 -1.04 10
0.11 16.58 -0.74 10
2.22 16.02 -0.75 10
3.86 16.039 -1.0 10
6.52 16.94 -1.8 10
9.63 17.39 -2.46 10
12.599 17.01 -4.24 10
16.139 16.359 -5.529 10
17.69 16.029 -7.45 10
18.83 15.45 -9.389 10
23.56 13.28 -9.9 10
27.609 10.599 -10.62 10
31.189 9.94 -9.49 10
34.719 10.19 -8.429 10
39.25 11.41 -7.149 10
39.25 11.11 -6.529 10
39.25 10.59 -5.009 10
39.25 8.83 -3.77 10
39.25 7.24 -2.75 10
39.25 5.24 -0.96 10
39.25 2.19 0.51 10
35.46 -0.359 1.62 10
30.5 -2.629 2.36 9
25.609 -4.43 3.22 10
21.55 -6.75 4.17 10
17.89 -8.74 4.79 10
14.57 -10.23 5.37 10
12.03 -11.83 6.12 10
9.78 -13.17 6.67 10
8.029 -15.0 7.049 10
6.39 -17.539 7.87 10
3.8 -20.529 8.23 10
1.88 -23.41 8.72 10
0.16 -26.019 8.78 10
-1.48 -27.42 8.74 10
-2.12 -28.039 8.33 10
-2.45 -29.019 7.66 10
-2.85 -29.039 6.549 10
-3.189 -28.63 5.37 10
-3.949 -27.74 3.73 10
-4.069 -26.34 2.27 10
-3.36 -24.619 0.599 10
-0.969 -23.22 -1.079 10
3.83 -21.619 -3.02 10
8.37 -19.96 -4.25 10
13.639 -17.65 -5.569 10
18.91 -15.74 -6.5 10
25.39 -14.12 -7.83 10
34.78 -9.57 -8.96 10
39.219 -4.64 -9.82 10
39.25 0.25 -9.4 10
39.25 5.21 -10.13 9
39.25 7.41 -8.889 10
39.25 12.33 -7.41 10
39.25 15.94 -6.58 10
39.25 17.1 -6.06 10
33.14 16.49 -6.22 10
27.39 14.5 -5.569 10
22.449 13.62 -5.15 10
17.68 13.42 -4.259 10
13.84 13.12 -3.49 10
11.25 12.54 -3.01 10
9.33 12.03 -2.69 10
7.149 11.7 -2.8 10
4.56 12.16 -2.22 10
1.569 13.82 -1.79 10
-0.47 14.88 -1.31 10
-2.54 16.58 -0.719 10
-5.04 17.89 -0.69 10
-7.89 18.82 0.03 10
-10.179 19.58 1.16 10
-11.4 20.05 1.79 10
-11.05 20.38 2.29 10
-10.469 21.0 2.26 10
-8.61 21.18 2.06 10
-6.27 21.619 1.75 10
-4.47 21.51 1.959 10
-2.409 20.93 1.819 10
-0.989 20.15 1.15 10
0.62 18.91 -0.29 10
3.72 18.65 -1.99 10
8.82 19.22 -3.669 9
15.96 19.06 -5.5 10
24.869 18.49 -6.22 10
30.83 20.539 -5.15 10
32.93 22.14 -3.56 10
36.43 21.47 -1.569 10
39.23 19.25 -0.089 10
39.25 15.99 0.96 10
39.25 13.08 1.959 10
39.25 9.29 2.59 10
39.25 6.049 2.6 10
39.25 3.23 2.05 10
39.25 0.11 0.82 10
39.25 -2.31 -0.149 10
38.12 -4.17 -0.17 10
33.71 -5.629 0.17 10
29.24 -7.399 0.659 10
24.96 -9.139 1.37 10
20.859 -10.99 1.91 10
16.41 -13.08 2.46 10
12.12 -16.33 3.06 10
7.919 -19.199 2.76 10
4.9 -21.609 2.659 10
2.56 -23.38 2.669 10
0.32 -25.0 2.46 10
-1.68 -25.869 2.47 10
-2.56 -25.98 2.55 10
-2.46 -25.599 2.73 10
-2.11 -25.3 2.629 10
-1.459 -24.31 2.149 9
-0.22 -23.21 1.36 10
0.55 -22.21 0.03 10
1.569 -21.31 -1.339 10
2.409 -20.26 -3.05 10
3.21 -19.23 -4.27 10
4.47 -18.359 -4.88 10
6.609 -17.57 -5.339 10
9.16 -16.619 -5.25 10
12.34 -15.349 -5.25 10
16.66 -14.889 -5.58 10
22.17 -15.33 -6.72 10
29.26 -14.99 -7.669 10
38.95 -11.98 -8.75 10
39.25 -6.33 -9.2 10
39.25 0.979 -9.3 10
39.25 5.79 -7.71 10
39.25 8.72 -6.04 10
39.25 11.55 -4.79 10
39.25 12.71 -3.02 10
36.86 12.2 -2.429 10
30.0 10.5 -1.92 10
24.619 9.24 -1.24 10
20.46 8.87 -0.69 10
17.56 8.95 -0.29 10
15.57 9.86 -0.41 10
13.88 10.71 -0.849 10
12.17 10.969 -1.23 10
9.83 11.259 -1.18 10
7.29 12.49 -0.65 10
4.569 14.009 -0.07 9
1.89 15.929 0.099 10
-0.719 17.46 0.539 10
-2.639 18.66 1.209 10
-4.66 19.46 1.829 10
-6.68 20.3 2.19 10
-7.629 20.57 2.71 10
-7.899 21.0 3.1 10
-7.46 21.17 3.33 10
-5.529 21.369 3.419 10
-3.919 21.72 3.46 10
-1.99 21.49 3.21 10
-0.14 20.84 3.159 10
1.79 20.47 2.899 10
4.25 20.26 2.169 10
7.149 19.83 1.43 10
10.519 19.449 0.48 10
14.549 19.449 -0.919 10
19.109 19.939 -2.98 10
23.56 20.63 -5.06 10
26.47 22.22 -6.74 10
30.199 21.84 -8.0 10
38.05 19.5 -9.33 10
39.25 18.4 -9.88 10
39.25 16.69 -10.809 10
39.25 14.04 -10.019 10
39.25 10.79 -9.08 10
39.25 7.509 -7.99 10
39.25 3.6 -6.95 10
39.25 1.09 -5.98 9
39.25 -1.04 -4.67 10
38.18 -3.48 -3.28 10
33.649 -5.7 -1.73 10
28.98 -8.029 -0.51 10
24.22 -10.559 0.7 10
19.939 -12.23 1.449 10
16.109 -14.03 2.29 10
13.679 -16.07 2.889 10
11.599 -17.51 3.5 10
9.44 -18.97 4.13 10
6.96 -21.52 4.71 10
3.929 -23.449 5.18 10
1.23 -24.81 5.66 10
-0.59 -26.519 6.129 10
-2.26 -28.31 6.089 10
-3.53 -28.96 5.6 10
-3.909 -29.359 4.509 10
-4.16 -28.81 3.35 10
-3.79 -27.56 2.149 10
-2.99 -26.26 0.71 10
-1.43 -24.529 -0.329 10
0.02 -22.5 -1.23 10
2.28 -20.939 -2.28 10
4.89 -19.71 -3.389 10
7.62 -18.58 -4.72 10
11.01 -17.91 -5.759 10
15.38 -17.46 -6.5 10
20.189 -16.91 -6.37 10
24.93 -16.08 -6.22 10
29.38 -15.019 -6.529 9
35.13 -12.36 -6.77 10
39.23 -8.45 -7.94 10
39.25 -1.62 -10.849 10
39.25 3.889 -10.99 10
39.25 10.09 -10.03 10
39.25 13.99 -8.67 10
39.25 17.91 -6.98 10
39.25 18.69 -5.47 10
38.649 18.08 -3.919 10
31.33 16.32 -2.51 10
25.63 14.53 -1.06 10
20.57 12.83 -0.199 10
16.32 12.09 0.83 10
12.639 11.639 1.189 10
9.88 10.76 0.909 10
7.16 10.24 0.429 10
4.73 9.719 0.02 10
2.18 9.24 -0.14 10
-0.459 9.66 0.199 10
-3.75 10.92 1.11 10
-5.66 11.62 1.3 10
-7.56 12.78 1.86 10
-9.809 14.66 1.709 10
-10.429 16.199 1.4 10
-11.16 18.109 1.28 10
-10.61 19.58 0.74 10
-8.849 20.83 0.179 10
-6.87 21.52 0.03 10
-4.75 22.369 -0.31 9
-2.25 22.68 -0.52 10
-0.11 22.369 -0.65 10
2.54 21.35 -0.56 10
5.23 20.029 -0.669 10
7.859 19.1 -0.48 10
11.969 18.72 -0.39 10
16.289 19.06 -0.87 10
21.109 19.84 -1.829 10
26.269 20.289 -2.659 10
31.72 20.609 -3.54 10
37.51 20.119 -4.42 10
39.239 18.55 -5.44 10
39.25 16.66 -5.569 10
39.25 15.089 -5.74 10
39.25 12.469 -6.299 10
39.25 9.45 -6.279 10
39.25 6.97 -5.839 10
39.25 4.62 -5.14 10
39.25 2.419 -3.98 10
39.23 -0.099 -2.899 10
35.54 -2.18 -1.959 10
31.189 -4.95 -0.96 10
27.199 -7.819 0.07 10
23.439 -10.349 1.05 10
19.8 -13.16 1.99 10
16.219 -14.849 2.47 10
13.04 -17.029 2.95 10
10.62 -19.72 3.01 10
8.23 -22.0 3.35 10
5.24 -24.14 3.659 9
2.58 -26.05 4.069 10
0.55 -27.74 4.11 10
-0.849 -28.76 4.29 10
-1.68 -29.42 3.949 10
-1.829 -29.189 3.58 10
-1.689 -28.51 3.06 10
-0.979 -27.64 2.419 10
0.07 -26.66 1.55 10
1.11 -25.39 0.81 10
2.59 -23.07 -0.399 10
3.919 -21.98 -1.819 10
5.64 -20.77 -3.29 10
8.029 -19.65 -4.89 10
11.269 -18.77 -6.06 10
15.179 -17.46 -6.609 10
20.21 -15.719 -7.2 10
26.949 -13.37 -8.59 10
35.0 -10.37 -10.17 10
39.23 -5.819 -10.87 10
39.25 0.21 -11.19 10
39.25 4.74 -10.54 10
39.25 8.76 -9.309 10
39.25 11.15 -6.91 10
39.25 13.139 -4.44 10
39.25 14.469 -3.179 10
35.32 14.65 -2.33 10
30.16 14.07 -1.8 10
25.39 13.679 -1.069 10
21.63 13.37 -0.38 10
18.27 13.2 -0.07 9
14.48 12.86 0.11 10
12.11 12.37 0.24 10
9.79 11.759 0.22 10
7.819 11.11 0.57 10
6.089 11.16 0.62 10
4.21 11.7 1.29 10
1.68 12.78 1.43 10
-0.78 13.759 1.24 10
-3.11 15.08 0.75 10
-5.629 16.619 0.32 10
-7.37 18.119 0.02 10
-8.38 19.01 0.089 10
-8.23 19.25 0.37 10
-7.509 19.22 1.04 10
-7.12 19.3 1.39 10
-5.89 20.07 1.56 10
-3.909 20.43 1.37 10
-1.39 20.83 0.789 10
2.05 21.47 -0.13 10
5.44 21.689 -0.979 10
9.32 21.43 -1.9 10
13.83 21.47 -3.04 10
17.69 21.449 -4.279 10
21.029 21.1 -5.069 10
24.05 20.609 -5.1 10
29.32 18.939 -5.1 10
35.6 17.43 -5.65 10
39.25 16.029 -6.089 10
39.25 14.24 -6.2 9
39.25 12.0 -5.839 10
39.25 9.099 -5.13 10
39.25 6.19 -3.959 10
39.25 4.41 -2.95 10
39.25 2.899 -2.409 10
39.25 1.81 -1.04 10
39.25 -0.35 -0.199 10
37.86 -3.1 1.0 10
33.21 -5.029 1.939 10
28.17 -6.54 2.629 10
24.09 -8.17 3.09 10
20.75 -9.98 3.6 10
18.06 -11.769 3.899 10
15.28 -13.13 4.04 10
10.54 -17.14 4.22 10
7.18 -20.59 3.99 10
4.58 -23.109 3.86 10
2.659 -24.859 3.8 10
1.38 -26.9 4.41 10
-1.13 -29.48 4.859 10
-3.28 -31.74 5.25 10
-5.44 -34.719 5.92 10
-8.21 -36.55 5.75 10
-9.78 -36.77 4.41 10
-9.55 -35.92 2.83 10
-8.139 -34.309 1.05 10
-4.49 -32.0 -0.969 10
0.329 -29.16 -2.98 10
4.529 -26.75 -4.65 10
8.88 -24.23 -5.85 9
12.67 -21.81 -6.629 10
17.24 -20.43 -6.75 10
23.09 -19.8 -6.509 10
29.849 -19.359 -5.9 10
37.73 -18.029 -5.0 10
39.25 -14.79 -4.37 10
39.25 -10.63 -3.399 10
39.25 -6.14 -3.48 10
39.25 -2.419 -2.59 10
39.25 1.439 -1.28 10
39.25 5.2 -0.82 10
39.25 6.49 -0.799 10
39.059 7.52 -1.42 10
32.77 7.72 -1.689 10
28.71 7.509 -1.86 10
25.539 8.429 -1.969 10
22.58 9.469 -2.04 10
20.689 10.679 -2.48 10
18.72 11.429 -2.78 10
15.98 12.28 -3.46 10
13.33 12.799 -3.29 10
10.48 14.61 -2.899 10
6.44 17.029 -2.26 10
3.34 19.67 -1.93 10
1.339 21.539 -1.88 10
-0.74 22.939 -2.59 10
-2.27 23.68 -2.57 10
-3.149 24.05 -2.33 10
-4.29 24.76 -1.9 9
-4.13 25.269 -0.93 10
-3.709 25.609 -0.199 10
-2.71 25.199 0.329 10
-1.339 24.33 0.669 10
0.429 23.08 0.57 10
2.12 21.359 0.28 10
4.54 19.25 -0.37 10
6.509 17.449 -1.28 10
8.639 15.79 -2.1 10
11.46 14.349 -2.679 10
14.48 14.07 -3.699 10
19.0 14.09 -5.009 10
24.539 13.75 -6.06 10
31.5 12.799 -6.99 10
37.3 11.82 -7.66 10
39.239 10.92 -7.12 10
39.25 10.09 -6.73 10
39.25 8.83 -5.7 10
39.25 6.569 -5.0 10
39.25 3.74 -4.47 10
39.25 1.319 -4.87 10
39.25 -0.64 -4.839 10
39.25 -2.409 -4.16 10
39.25 -3.949 -2.97 10
38.3 -5.79 -1.79 10
33.89 -7.319 -0.44 10
29.49 -9.059 0.489 10
25.35 -10.78 1.449 10
22.07 -12.41 2.129 10
19.26 -14.0 2.99 9
16.18 -14.79 3.52 10
12.79 -15.94 4.33 10
10.139 -17.72 4.85 10
7.799 -18.85 5.31 10
6.18 -19.82 5.629 10
4.529 -21.46 6.109 10
2.3 -22.88 6.64 10
0.48 -24.09 7.12 10
-1.16 -26.13 7.779 10
-3.08 -27.63 7.859 10
-4.17 -28.08 7.85 10
-4.72 -28.279 7.68 10
-4.96 -27.56 6.569 10
-4.27 -27.15 5.069 10
-2.939 -25.689 2.409 10
-1.79 -23.789 0.269 10
0.08 -22.23 -1.699 10
2.6 -20.83 -3.61 10
5.47 -19.689 -5.25 10
8.24 -18.68 -6.17 10
11.69 -17.869 -5.94 10
16.73 -17.44 -5.38 10
22.93 -15.9 -4.529 10
29.9 -14.04 -3.78 10
38.96 -12.42 -3.659 10
39.25 -10.53 -2.879 10
39.25 -6.609 -2.389 10
39.25 -3.77 -2.05 10
39.25 -0.58 -0.78 9
39.25 3.35 0.21 10
39.25 7.609 -0.39 10
39.25 10.29 -0.77 10
39.239 11.889 -0.94 10
33.98 11.15 -0.78 10
28.05 9.74 0.07 10
22.89 8.53 0.799 10
18.35 7.7 1.13 10
13.92 6.58 2.0 10
11.87 5.93 2.62 10
9.889 5.4 2.929 10
8.17 4.93 3.409 10
6.44 4.58 4.04 10
5.109 4.39 4.509 10
3.55 4.62 4.48 10
2.21 5.47 4.589 10
2.07 6.25 4.46 10
1.89 6.609 3.99 10
1.51 7.16 3.59 10
1.9 7.69 3.81 10
1.979 8.109 3.76 10
1.86 8.34 3.75 10
1.689 8.49 3.72 10
1.67 8.679 3.56 10
1.439 9.41 3.1 10
1.68 10.25 2.51 10
1.16 10.55 0.9 10
1.689 10.61 -1.0 10
3.51 9.83 -3.639 10
4.81 9.2 -5.48 9
7.06 8.23 -7.31 10
10.66 8.559 -10.16 10
14.349 10.04 -14.12 10
19.57 11.41 -17.6 10
26.01 9.969 -18.63 10
30.99 8.74 -16.119 10
33.16 7.17 -13.15 10
35.07 5.109 -12.82 10
36.38 1.329 -12.36 10
35.399 -2.629 -12.32 10
33.85 -5.549 -12.59 10
32.2 -7.69 -13.049 10
31.05 -9.16 -13.309 10
30.07 -10.469 -12.45 10
28.9 -11.23 -11.349 10
27.22 -12.16 -10.37 10
25.0 -12.67 -9.61 10
23.17 -12.67 -8.96 10
21.42 -12.309 -8.12 10
19.57 -11.92 -7.529 10
16.83 -11.65 -6.74 10
13.719 -11.2 -5.5 10
12.24 -10.809 -4.77 10
9.349 -11.099 -4.13 10
7.96 -11.519 -3.97 10
7.009 -12.07 -3.879 10
5.74 -12.73 -3.879 10
3.37 -13.38 -3.72 18
2.35 -13.32 -2.889 10
2.61 -13.7 -2.04 10
2.34 -14.15 -1.37 10
1.959 -13.929 -0.979 10
1.9 -13.929 -0.719 10
2.25 -14.16 -1.15 10
2.54 -13.88 -1.53 10
2.8 -13.45 -2.28 10
2.78 -13.28 -3.09 10
2.52 -12.33 -3.889 10
2.25 -11.57 -3.909 10
3.449 -10.3 -4.299 10
5.049 -7.549 -5.44 10
8.54 -4.7 -7.16 10
13.08 -4.22 -8.179 10
17.31 -1.99 -8.62 10
23.449 4.839 -9.13 10
29.359 9.95 -8.87 10
33.48 12.679 -8.2 10
33.32 14.98 -7.72 10
29.57 15.57 -7.12 10
25.1 14.65 -6.12 10
20.41 13.4 -5.19 10
16.07 11.46 -4.73 10
12.519 9.71 -4.02 10
10.01 8.349 -3.24 10
8.23 7.12 -2.649 10
6.98 6.259 -2.03 10
6.37 5.17 -1.569 10
6.08 4.029 -0.979 10
5.71 3.149 -0.52 10
5.569 2.52 0.51 10
5.44 1.699 1.36 10
4.7 0.93 2.36 10
4.18 -0.04 3.78 10
3.949 -1.37 4.94 10
3.06 -3.12 5.859 10
2.05 -4.12 6.49 10
1.439 -4.71 6.85 10
0.81 -5.46 6.77 10
0.76 -5.85 5.96 10
0.74 -5.72 4.95 10
0.729 -5.529 3.959 10
1.069 -5.79 2.899 10
1.31 -5.44 1.699 10
1.5 -5.29 0.39 10
1.819 -5.04 -0.71 10
2.61 -5.02 -1.52 10
4.089 -5.21 -2.23 10
6.259 -5.58 -3.159 10
8.91 -5.67 -3.669 10
11.21 -5.48 -3.36 9
13.74 -4.54 -3.149 10
17.63 -2.79 -2.12 10
20.71 -0.89 -1.41 10
24.289 1.599 -0.95 10
28.65 3.72 -1.06 10
31.849 5.83 -1.17 10
32.41 7.64 -0.55 10
30.51 9.15 -0.269 10
27.0 9.83 0.149 10
23.539 9.679 0.42 10
20.41 9.84 0.31 10
17.789 10.309 0.41 10
15.42 11.059 0.17 10
13.83 11.99 -0.229 10
11.74 13.59 -1.41 10
10.13 14.99 -1.88 10
8.809 16.029 -2.169 10
7.39 17.49 -2.47 10
5.87 18.75 -2.44 10
4.58 20.46 -2.45 10
2.59 21.91 -2.909 10
1.52 22.859 -2.409 10
1.23 23.13 -1.9 10
1.55 22.68 -2.409 10
2.679 22.02 -2.56 10
3.37 21.59 -2.629 10
3.959 20.859 -2.429 10
6.5 21.32 -1.579 10
10.03 21.779 -1.3 10
15.24 22.269 -1.36 10
21.51 23.55 -1.38 10
27.15 23.5 -2.419 10
32.7 23.449 -0.55 10
38.37 21.32 -1.61 10
39.25 20.859 0.39 10
39.25 17.81 -0.61 10
39.25 14.13 -0.63 10
39.25 9.66 0.459 10
39.25 5.91 1.75 10
39.25 -0.69 3.24 10
36.37 -4.98 3.709 10
31.189 -8.08 4.069 10
26.099 -11.4 5.009 10
21.59 -14.009 5.5 10
17.56 -15.07 6.02 10
13.49 -15.549 6.879 10
10.3 -15.339 7.02 10
7.819 -14.769 7.23 10
6.52 -14.23 7.18 10
5.839 -13.82 6.87 10
5.35 -13.49 6.31 10
4.81 -13.45 5.77 10
4.42 -13.66 5.279 10
3.949 -13.86 4.73 10
3.08 -13.75 4.16 10
1.939 -14.23 3.449 10
1.51 -15.9 2.679 10
0.57 -16.73 2.53 10
-0.83 -18.05 2.86 10
-2.0 -20.47 2.73 10
-4.25 -21.89 2.35 9
-5.52 -22.88 2.04 10
-4.98 -23.25 1.27 10
-3.74 -23.56 0.179 10
-0.599 -23.63 -1.39 10
3.06 -23.189 -3.11 10
7.72 -21.88 -4.36 10
12.66 -20.449 -5.14 10
17.449 -19.09 -6.54 10
21.92 -17.779 -7.44 10
28.789 -14.75 -7.95 10
37.26 -7.08 -9.26 10
39.25 0.0 -11.69 10
39.25 5.92 -13.969 10
39.25 9.83 -13.73 10
39.25 15.41 -13.09 10
39.25 20.92 -10.55 10
39.25 22.609 -8.3 10
38.98 20.74 -6.5 10
29.67 18.619 -4.41 10
22.01 16.81 -2.659 10
16.23 15.73 -1.31 10
11.92 15.15 0.34 10
8.63 14.509 1.51 10
6.069 13.96 2.11 10
3.74 13.29 2.23 10
0.96 12.9 2.5 10
-0.77 12.4 2.44 10
-2.71 12.15 2.909 10
-5.52 12.79 3.449 10
-7.81 13.16 3.54 10
-9.28 13.4 3.29 10
-10.04 13.73 2.75 10
-9.78 14.099 1.689 10
-9.21 13.94 0.89 10
-8.61 14.03 0.359 10
-7.669 13.9 0.21 10
-6.319 13.69 0.62 10
-4.299 13.87 0.48 10
-2.19 14.49 0.03 10
-0.359 15.089 -0.179 10
1.25 15.42 -0.35 10
3.23 15.719 -0.789 10
5.87 16.029 -1.189 10
9.679 16.59 -0.969 10
13.4 17.44 -1.11 10
18.449 18.49 -1.01 10
23.13 19.56 -0.979 10
27.47 19.699 -0.7 10
32.77 19.52 -0.59 10
39.25 18.33 -0.919 10
39.25 17.8 -0.7 10
39.25 16.5 -0.51 10
39.25 12.94 -0.37 10
39.25 9.42 -0.179 10
39.25 5.95 0.42 10
39.25 3.169 0.59 10
39.25 0.5 0.61 10
39.25 -2.37 1.26 10
36.03 -4.92 2.32 10
30.01 -7.19 3.21 10
24.949 -10.019 4.13 10
19.83 -12.19 4.91 9
15.099 -13.5 5.14 10
11.599 -15.259 5.569 10
8.599 -16.66 5.799 10
6.25 -17.19 5.779 10
4.85 -17.83 5.5 10
3.439 -18.8 5.27 10
2.07 -19.869 4.94 10
0.42 -21.22 5.13 10
-1.599 -22.65 5.08 10
-3.12 -23.68 5.069 10
-5.06 -24.539 4.47 10
-5.85 -24.01 3.79 10
-5.069 -23.13 2.54 10
-3.639 -22.05 0.58 10
-1.579 -20.65 -1.02 10
0.7 -19.38 -2.659 10
2.899 -18.44 -3.75 10
4.509 -17.27 -4.73 10
5.04 -16.16 -5.2 10
6.549 -15.29 -5.64 10
8.26 -15.36 -6.009 10
10.62 -15.29 -6.569 10
14.11 -15.12 -6.72 10
18.05 -14.21 -6.43 10
22.66 -13.07 -6.399 10
29.029 -10.66 -6.39 10
36.84 -6.92 -7.299 10
39.239 -2.629 -7.97 10
39.25 3.27 -8.12 10
39.25 7.21 -7.12 10
39.25 10.41 -5.12 10
39.25 13.04 -3.28 10
39.25 14.98 -1.699 10
34.64 15.049 -0.229 10
28.539 14.639 0.789 10
23.359 14.45 1.819 10
18.72 14.259 3.03 10
15.07 13.969 3.72 10
11.87 13.67 3.959 10
8.78 13.389 3.51 10
6.37 12.509 3.23 10
3.62 11.87 2.939 10
0.9 11.9 2.86 10
-1.73 12.62 2.84 10
-4.11 13.17 2.55 10
-6.71 14.259 1.719 10
-9.05 15.63 1.339 10
-9.559 16.68 0.88 10
-8.679 17.05 0.26 10
-6.819 17.25 0.199 10
-4.85 17.94 0.41 10
-3.399 18.15 0.669 10
-2.659 17.609 1.459 10
-2.159 16.93 2.129 10
-1.3 16.49 2.55 10
-0.099 16.01 2.919 10
2.05 16.129 2.8 10
5.31 17.07 2.28 10
9.67 17.869 1.569 10
14.889 18.369 0.51 10
21.59 19.58 -0.37 9
27.5 20.91 -1.11 10
31.769 21.51 -1.15 10
34.36 21.99 -1.41 10
39.25 20.1 -2.21 10
39.25 18.34 -2.669 10
39.25 17.42 -3.129 10
39.25 14.86 -3.179 10
39.25 12.599 -3.08 10
39.25 9.15 -2.929 10
39.25 5.089 -2.95 10
39.25 1.5 -2.46 10
39.25 -2.01 -1.449 10
37.38 -4.65 -0.35 10
30.91 -8.149 1.1 10
23.47 -12.17 2.78 10
18.27 -14.25 3.51 10
14.25 -16.57 4.4 10
11.11 -18.42 4.779 10
9.19 -19.71 5.14 10
7.83 -20.73 5.299 10
6.64 -22.14 5.779 10
4.339 -23.439 5.879 10
1.979 -24.66 6.02 10
-0.12 -26.32 6.12 10
-2.56 -28.439 6.14 10
-5.109 -29.55 5.839 10
-6.52 -29.789 5.87 10
-7.089 -30.08 5.27 10
-6.91 -30.019 4.69 10
-5.21 -29.38 3.56 10
-3.189 -28.33 2.53 10
-0.87 -26.65 0.989 10
1.66 -24.83 -0.56 10
4.58 -22.949 -2.04 10
7.509 -21.14 -3.8 10
11.349 -19.449 -5.609 10
15.94 -18.88 -6.549 10
21.279 -18.47 -7.22 10
28.539 -17.33 -7.79 10
38.85 -15.03 -8.69 10
39.25 -11.37 -8.94 10
39.25 -5.89 -9.179 10
39.25 0.61 -9.65 10
39.25 4.529 -8.12 10
39.25 9.45 -6.64 10
39.25 11.95 -5.029 10
39.25 13.0 -3.55 10
39.25 12.559 -3.31 10
31.91 11.7 -2.899 10
24.439 11.099 -1.939 10
19.199 11.07 -1.13 10
15.809 11.3 -0.799 10
12.719 11.69 -0.53 10
10.12 12.12 -0.37 10
7.68 12.75 0.02 10
5.56 13.65 0.44 10
1.969 16.209 0.64 10
-0.22 17.9 0.429 10
-3.189 19.68 0.669 10
-5.37 21.529 0.62 10
-7.569 22.92 0.94 9
-8.95 23.83 1.719 10
-9.46 24.359 2.03 10
-9.34 24.029 2.57 10
-9.03 23.9 3.189 10
-8.12 23.3 3.51 10
-5.95 22.8 3.49 10
-3.47 22.88 2.53 10
-1.199 22.449 1.56 10
0.229 21.699 0.45 10
1.41 20.71 -0.52 10
3.639 19.869 -1.23 10
6.68 19.689 -1.949 10
11.7 19.76 -2.48 10
18.06 19.72 -2.429 10
25.22 21.029 -2.86 10
35.09 22.92 -1.65 10
39.25 24.74 -0.03 10
39.25 24.41 0.59 10
39.25 21.09 0.25 10
39.25 16.18 -0.44 10
39.25 9.23 -1.079 10
39.25 3.47 -0.61 10
39.25 -0.17 -0.539 10
39.25 -3.449 -1.16 10
39.25 -6.529 -0.61 10
37.93 -8.49 0.14 10
31.82 -10.26 0.96 10
26.49 -12.809 2.05 10
21.31 -14.139 2.29 10
17.14 -15.309 2.72 10
13.5 -17.109 3.179 10
10.23 -18.23 3.199 10
8.149 -18.97 3.24 10
6.859 -20.119 3.74 10
5.14 -21.42 4.19 10
3.179 -23.17 4.859 10
1.79 -25.46 5.299 10
-0.88 -27.89 5.18 10
-2.79 -29.07 5.0 10
-3.99 -29.939 4.23 10
-5.359 -29.8 2.919 10
-5.45 -29.359 1.43 10
-4.36 -28.39 0.17 10
-2.2 -26.76 -1.06 10
0.0 -24.85 -2.09 10
2.75 -23.449 -2.82 10
4.88 -21.43 -3.429 10
7.16 -19.85 -4.23 10
9.9 -18.99 -4.819 10
13.32 -18.619 -5.71 10
17.43 -18.8 -6.089 10
23.0 -19.109 -6.109 10
30.609 -18.609 -6.56 10
39.25 -15.5 -7.96 10
39.25 -9.69 -10.16 10
39.25 -2.399 -11.05 10
39.25 6.379 -10.75 10
39.25 10.86 -8.86 10
39.25 14.549 -6.29 10
39.25 17.47 -4.08 10
39.25 16.949 -2.79 10
34.36 15.309 -1.849 9
25.789 13.679 -0.94 10
19.93 12.62 -0.12 10
15.66 12.059 0.359 10
13.23 12.04 0.299 10
11.48 11.639 0.08 10
9.58 11.4 0.07 10
7.39 11.55 0.299 10
4.65 11.8 0.919 10
1.199 12.82 1.3 10
-1.9 14.23 1.91 10
-4.56 16.039 2.52 10
-7.35 17.69 2.73 10
-9.38 18.48 3.08 10
-10.51 18.68 3.76 10
-12.019 19.09 3.87 10
-11.4 19.1 4.009 10
-10.849 18.64 4.79 10
-10.32 19.07 5.52 10
-9.25 19.529 5.87 10
-6.7 19.05 6.69 10
-3.82 18.92 6.97 10
-1.42 19.06 7.149 10
1.27 18.72 7.069 10
4.74 18.68 6.21 10
10.349 20.539 4.589 10
18.949 23.43 2.49 10
29.189 26.689 -0.62 10
39.25 28.789 -2.05 10
39.25 29.08 -3.83 10
39.25 28.029 -5.22 10
39.25 24.18 -7.24 10
39.25 16.5 -9.019 10
39.25 10.11 -8.22 10
39.25 5.569 -7.24 10
39.25 0.849 -5.93 10
39.25 -2.83 -4.0 10
39.16 -6.54 -1.77 10
33.64 -9.849 0.21 10
28.47 -12.34 2.05 10
23.92 -14.349 3.52 10
19.939 -15.339 4.12 10
16.55 -16.27 4.98 10
13.45 -17.94 5.48 10
10.33 -18.98 5.52 10
8.01 -19.72 6.049 10
5.83 -20.34 6.79 10
3.429 -20.59 6.96 10
2.04 -21.539 7.069 10
0.37 -23.05 6.62 10
-1.18 -24.59 6.009 10
-2.58 -25.63 4.91 10
-3.629 -25.849 3.949 10
-4.339 -25.46 2.71 10
-4.31 -24.56 1.599 10
-4.009 -23.42 0.42 10
-2.78 -22.33 -0.64 10
-0.69 -20.59 -1.939 10
1.16 -19.449 -2.33 10
3.32 -18.66 -3.139 10
5.779 -17.81 -4.27 10
7.879 -17.05 -5.629 9
9.94 -16.46 -6.29 10
13.21 -16.75 -7.19 10
17.97 -16.84 -7.29 10
26.32 -15.17 -7.37 10
36.57 -9.599 -8.4 10
39.239 -2.07 -10.53 10
39.25 3.79 -12.91 10
39.25 8.74 -12.389 10
39.25 12.599 -9.32 10
39.25 16.58 -5.42 10
39.25 17.01 -3.02 10
39.25 14.79 -1.24 10
30.89 12.969 -0.429 10
23.08 11.38 0.41 10
17.97 10.19 0.89 10
14.889 9.44 0.78 10
12.78 9.769 0.58 10
11.059 10.13 -0.03 10
9.59 10.4 -0.24 10
7.44 10.71 -0.199 10
5.33 11.519 0.19 10
2.409 12.44 0.75 10
-0.5 13.94 1.469 10
-3.179 15.809 1.76 10
-5.609 17.19 1.62 10
-7.419 17.93 1.939 10
-9.429 18.44 2.429 10
-10.849 18.72 2.61 10
-11.96 19.25 2.889 10
-12.389 20.039 3.04 10
-12.389 20.81 2.87 10
-10.82 20.82 2.62 10
-7.94 20.99 2.25 10
-4.5 20.98 1.5 10
-1.88 20.49 1.14 10
0.81 19.85 0.969 10
4.279 19.91 0.38 10
8.059 20.22 -0.049 10
13.099 20.91 -0.06 10
18.81 21.81 -0.24 10
25.39 21.99 -0.63 10
30.89 22.67 -0.75 10
35.309 22.15 0.61 10
39.239 20.6 1.89 10
39.25 18.67 2.54 10
39.25 15.75 2.75 10
39.25 13.099 2.33 10
39.25 10.25 2.04 10
39.25 6.75 1.43 10
39.25 3.52 0.82 10
39.25 0.07 0.01 10
39.25 -2.429 -0.179 10
36.91 -5.13 0.399 10
31.31 -7.22 0.68 10
24.84 -9.91 1.65 10
20.35 -11.679 2.03 10
16.109 -13.13 2.2 10
12.61 -15.23 2.54 10
10.0 -17.3 2.72 10
7.6 -18.3 3.02 10
6.029 -19.289 3.24 10
4.69 -20.96 3.72 9
2.639 -22.47 4.04 10
0.74 -24.859 4.46 10
-0.969 -27.8 4.4 10
-2.59 -30.109 4.41 10
-5.0 -31.529 4.16 10
-6.69 -31.9 3.689 10
-7.14 -31.859 2.73 10
-6.98 -31.3 1.31 10
-5.31 -29.779 0.0 10
-2.649 -27.82 -1.54 10
0.64 -25.8 -2.939 10
5.21 -23.039 -4.7 10
8.84 -21.31 -6.089 10
12.34 -20.029 -7.549 10
17.05 -19.66 -8.74 10
22.02 -18.289 -9.16 10
31.01 -13.62 -9.599 10
39.25 -7.24 -11.71 10
39.25 -0.71 -12.88 10
39.25 3.75 -13.139 12
39.25 7.399 -10.7 10
39.25 11.37 -7.64 10
39.25 13.389 -5.37 10
39.25 13.45 -2.48 10
39.25 12.58 -0.719 10
31.92 11.719 0.61 10
25.08 10.44 1.67 10
19.92 9.92 2.27 10
16.49 10.05 2.46 10
14.429 10.42 2.34 10
12.46 10.86 2.21 10
9.87 11.62 2.44 10
7.58 12.929 2.31 10
5.54 14.46 2.399 10
2.87 16.19 2.96 10
0.39 18.26 2.97 10
-1.579 20.21 2.95 10
-3.87 21.67 2.75 10
-6.18 22.9 2.0 10
-7.58 23.17 1.78 10
-8.87 23.05 1.079 10
-9.7 23.24 0.669 10
-9.63 22.96 0.969 10
-8.55 22.56 1.27 10
-6.98 22.05 1.699 10
-5.0 21.34 1.87 10
-3.159 20.72 1.99 10
-1.04 20.039 2.159 10
1.0 19.529 2.34 10
3.5 18.68 2.09 10
7.83 18.88 1.939 10
15.17 19.779 1.36 10
21.88 20.66 0.48 10
29.769 22.97 -0.399 10
37.399 26.38 -1.54 10
39.239 29.38 -2.25 10
39.25 28.26 -3.909 10
39.25 24.51 -5.27 10
39.25 20.13 -6.75 10
39.25 14.759 -6.379 10
39.25 9.98 -5.39 10
39.25 4.91 -5.14 10
39.25 -0.41 -4.22 10
39.25 -4.87 -2.79 10
36.88 -8.61 -1.27 10
31.199 -12.7 0.64 9
25.76 -16.1 2.159 10
20.59 -18.19 2.83 10
16.43 -19.59 3.76 10
13.099 -20.949 4.569 10
10.91 -21.84 5.49 10
8.98 -23.43 6.029 10
6.14 -25.689 7.359 10
2.84 -26.849 7.96 10
0.52 -27.789 8.23 10
-1.22 -28.82 8.36 10
-3.439 -28.88 7.91 10
-4.22 -28.279 7.629 10
-4.049 -27.59 7.009 10
-3.46 -27.3 6.259 10
-2.649 -26.76 4.38 10
-1.439 -25.59 2.679 10
-0.199 -24.51 0.68 10
0.69 -22.92 -0.82 10
2.35 -21.84 -1.949 10
5.16 -21.029 -3.139 10
8.22 -20.279 -4.68 10
12.17 -19.89 -5.91 10
16.309 -19.49 -7.08 10
21.64 -18.63 -7.85 10
31.539 -14.9 -8.09 10
39.25 -7.899 -9.3 10
39.25 0.48 -10.96 10
39.25 5.67 -11.63 10
39.25 11.23 -11.48 10
39.25 16.109 -9.3 10
39.25 18.23 -7.68 10
39.25 16.81 -5.29 10
39.25 15.4 -3.79 10
34.19 13.7 -2.01 10
27.289 12.429 -0.44 10
21.76 11.509 1.13 10
17.72 11.59 1.89 10
14.7 11.91 2.03 10
12.32 12.009 2.05 10
9.82 12.19 2.04 10
7.68 12.84 2.29 10
5.44 13.58 2.44 10
3.03 15.04 2.54 10
0.76 16.67 2.75 10
-1.699 18.029 2.82 10
-4.779 20.06 3.12 10
-7.109 21.109 2.97 10
-8.94 21.65 2.96 10
-10.12 21.88 2.96 10
-10.9 22.23 2.7 10
-10.7 22.689 2.81 10
-9.69 22.769 2.7 10
-7.1 22.43 2.36 10
-4.35 22.269 1.829 10
-2.35 21.64 1.52 10
-0.969 20.88 1.14 10
1.18 20.49 0.94 10
3.78 20.279 0.78 10
7.21 20.17 0.989 10
11.83 20.539 0.83 10
17.539 20.91 0.7 10
23.63 22.25 -0.049 10
29.56 23.449 -0.68 10
35.46 24.199 -1.28 10
39.239 24.42 -1.77 10
39.25 22.47 -3.05 10
39.25 20.56 -3.83 10
39.25 16.63 -4.89 10
39.25 13.07 -4.6 10
39.25 9.11 -4.52 10
39.25 5.52 -4.35 10
39.25 2.31 -3.889 10
39.25 -0.21 -3.11 10
37.03 -3.389 -1.89 10
31.48 -6.549 -0.65 10
25.93 -9.519 0.53 10
21.01 -12.09 1.339 10
16.8 -14.0 1.92 10
13.059 -16.02 2.79 10
9.75 -18.24 3.51 9
7.14 -19.91 3.889 10
5.14 -22.06 4.65 10
2.909 -24.23 5.42 10
0.87 -25.689 6.02 10
-0.62 -28.09 6.49 10
-1.73 -30.529 6.39 10
-2.73 -31.83 6.109 10
-3.709 -31.84 5.31 10
-3.629 -31.019 4.2 10
-2.909 -29.619 3.0 10
-1.449 -27.82 1.93 10
0.84 -25.779 0.969 10
3.47 -23.73 -0.049 10
5.67 -22.01 -0.84 10
7.6 -20.35 -1.5 10
9.269 -18.949 -2.03 10
10.88 -17.96 -2.8 10
13.4 -17.74 -3.74 10
16.209 -17.63 -4.549 10
21.35 -17.119 -5.6 10
30.73 -15.17 -6.45 10
39.25 -11.12 -6.74 10
39.25 -3.24 -7.33 10
39.25 3.21 -7.49 10
39.25 6.16 -7.04 10
39.25 9.2 -5.609 10
39.25 11.05 -3.21 10
39.25 10.25 -2.35 10
39.25 10.15 -1.54 10
35.18 9.3 -0.099 10
29.91 9.849 0.74 10
25.4 9.889 1.86 10
21.289 9.4 2.629 10
17.91 8.95 3.26 10
15.099 8.139 3.649 10
12.63 7.419 3.85 10
10.53 7.419 4.14 10
8.929 7.799 4.0 10
7.66 8.7 3.73 10
5.67 9.94 2.81 10
3.449 11.37 2.56 10
1.199 12.82 2.429 10
-0.979 13.66 2.6 10
-3.21 14.799 2.899 10
-4.98 15.32 2.929 10
-5.72 15.19 3.399 10
-5.9 14.95 3.86 10
-6.129 14.78 4.48 10
-6.58 15.049 4.94 10
-6.29 15.17 5.19 10
-5.509 14.839 5.02 10
-5.009 14.049 4.4 10
-4.45 12.94 3.53 10
-3.949 10.86 2.19 10
-2.0 9.17 1.06 10
1.52 7.96 -0.74 10
7.799 8.269 -4.569 10
15.009 9.74 -8.23 10
23.289 11.48 -12.019 10
32.509 11.95 -14.98 10
39.25 11.66 -16.48 10
39.25 10.41 -17.0 10
39.25 8.49 -14.86 10
39.25 5.64 -11.69 10
39.25 2.37 -10.19 10
39.25 -0.969 -8.849 10
34.86 -3.929 -7.35 10
29.369 -5.879 -6.45 10
25.72 -7.47 -6.1 10
23.21 -8.98 -5.39 10
21.16 -9.49 -4.069 10
19.789 -9.61 -3.1 10
18.779 -9.83 -2.05 10
18.1 -10.03 -1.48 10
17.529 -10.21 -1.11 10
16.18 -10.099 -0.95 10
14.15 -10.03 -0.84 10
12.019 -10.08 -0.429 10
9.61 -10.389 0.179 10
6.99 -10.65 0.489 9
4.569 -10.76 0.329 10
2.899 -11.69 0.179 10
1.23 -13.69 0.51 10
-1.87 -16.049 -0.359 10
-4.6 -17.31 -0.76 10
-5.49 -18.289 -0.38 10
-5.98 -20.46 0.229 10
-6.83 -21.56 1.39 10
-7.359 -21.8 1.949 10
-7.089 -22.09 2.659 10
-7.04 -21.93 2.74 10
-6.1 -21.49 2.419 10
-3.46 -21.189 2.01 10
0.81 -21.39 0.51 10
5.87 -21.57 -0.84 10
11.54 -20.47 -2.129 10
17.18 -17.359 -3.84 10
24.039 -12.62 -4.91 10
29.949 -10.44 -4.24 10
35.079 -5.38 -4.04 10
39.25 0.659 -5.279 10
39.25 1.459 -5.18 10
39.25 0.099 -5.009 10
37.559 1.589 -3.11 10
33.73 2.72 -1.5 10
29.47 2.76 -1.24 10
26.58 2.99 -0.42 10
24.99 2.73 -0.299 10
24.56 2.07 -0.26 10
24.38 1.37 -0.13 10
24.449 0.199 -0.31 10
23.699 0.26 -0.41 10
23.74 1.03 -0.28 10
22.109 2.03 -0.11 10
20.93 2.679 0.299 10
19.71 3.05 0.81 10
18.38 3.26 1.0 10
17.31 3.34 1.329 10
16.25 2.98 1.63 10
14.86 2.8 1.74 10
13.799 2.36 1.86 10
13.2 1.709 2.18 10
12.95 1.02 2.6 10
12.34 0.799 2.58 10
11.429 1.13 2.73 10
10.679 1.09 3.05 10
10.15 1.11 3.09 10
9.5 1.209 3.1 10
8.83 1.25 3.12 10
8.429 1.189 3.07 10
8.069 1.24 2.97 10
7.56 1.26 2.86 10
7.049 1.3 2.46 10
6.83 1.49 2.129 10
6.299 1.81 2.06 10
5.93 1.64 1.689 10
5.46 1.55 1.37 10
5.279 1.38 1.23 10
5.08 1.209 1.02 10
5.23 1.05 0.83 10
5.16 0.83 1.03 10
4.91 0.77 1.26 10
4.93 0.55 1.17 10
4.94 0.659 1.24 10
5.02 0.47 1.24 10
5.319 0.16 1.26 10
5.98 -0.29 1.469 10
6.96 -0.539 1.27 10
8.98 -1.11 1.31 10
12.03 -1.67 1.56 10
15.58 -2.25 2.18 10
19.369 -3.429 3.01 10
22.13 -4.19 4.31 10
24.15 -4.56 5.38 10
26.58 -5.089 5.9 10
30.13 -4.29 7.799 10
30.939 -9.09 9.12 10
29.65 -13.37 8.2 10
28.82 -15.62 6.089 10
27.869 -15.799 6.12 9
26.119 -15.42 6.029 10
24.84 -15.019 5.75 10
23.84 -14.929 5.99 10
22.699 -14.36 5.9 10
21.869 -14.17 5.1 10
20.49 -14.07 4.779 10
19.46 -13.41 4.71 10
18.699 -12.44 4.56 10
16.9 -12.269 4.13 10
16.789 -9.74 2.939 10
14.019 -10.469 3.85 10
13.58 -9.769 2.629 10
12.46 -9.8 1.939 10
11.3 -10.3 1.77 10
10.36 -10.429 1.17 10
10.679 -11.849 1.68 10
9.519 -12.75 2.22 10
8.13 -10.599 2.09 10
7.029 -7.69 1.67 10
5.64 -6.649 1.5 10
4.69 -6.379 1.15 10
4.589 -6.009 1.449 10
3.55 -5.319 1.449 10
2.04 -4.88 0.62 10
0.96 -4.65 0.02 10
-0.38 -4.529 -0.849 10
-1.68 -3.8 -0.539 10
-2.95 -3.1 -1.27 10
-3.1 -2.74 -1.42 10
-1.99 -2.11 1.01 10
-0.41 -0.669 3.5 10
0.38 0.52 3.25 10
0.22 0.909 2.159 10
-0.08 0.909 2.78 10
0.08 1.459 8.37 10
1.199 2.99 16.359 10
0.64 2.05 8.55 10
-0.45 2.379 5.81 10
-1.16 2.379 4.77 10
-0.61 2.12 4.819 10
-1.38 2.97 7.99 10
-2.46 3.51 8.559 10
-3.639 2.97 7.379 10
-5.15 1.569 5.97 10
-7.23 0.76 6.799 10
-7.49 0.969 6.83 10
-6.069 1.949 6.899 10
-4.819 2.629 7.879 10
-4.36 3.11 8.019 10
-3.659 3.419 7.81 10
-2.75 3.73 7.41 10
-1.77 3.86 6.69 10
-0.61 3.709 6.04 10
0.14 3.959 6.52 10
0.28 4.99 8.309 10
-0.729 6.31 8.7 10
-2.49 6.99 7.66 10
-4.319 6.87 7.22 10
-5.529 5.93 7.16 10
-5.819 5.12 7.49 10
-5.259 4.839 7.75 10
-3.97 5.009 7.819 10
-3.0 5.0 7.83 10
-2.19 4.74 8.0 10
-1.78 4.63 7.919 10
-2.22 4.94 8.67 10
-3.47 5.21 8.62 10
-4.259 5.38 8.55 10
-4.44 5.49 8.429 10
-4.16 5.67 8.7 10
-3.659 5.569 9.03 10
-2.909 5.049 8.61 10
-2.3 4.48 8.33 10
-1.949 4.299 8.23 10
-1.87 4.29 7.819 10
-2.22 4.39 7.339 10
-2.669 4.37 7.529 10
-3.02 4.35 7.77 10
-3.04 4.299 7.609 10
-2.72 4.37 7.66 9
-2.27 4.22 7.759 10
-1.93 4.04 8.0 10
-1.579 3.899 8.28 10
-1.43 3.84 8.44 10
-1.52 3.879 8.269 10
-1.63 4.11 8.28 10
-1.75 4.27 7.99 10
-1.93 4.54 7.91 10
-2.29 4.66 6.96 10
-2.1 4.97 8.17 10
-2.24 4.47 7.95 10
-1.969 4.45 7.649 10
-2.12 5.08 7.85 10
-1.99 5.4 8.45 10
-1.56 5.19 8.59 10
-0.969 4.839 8.37 10
-0.64 4.319 7.99 10
-0.9 4.009 7.87 10
-1.18 3.949 8.23 10
-1.459 4.11 8.74 10
-1.719 4.4 8.809 10
-1.86 4.69 8.86 10
-1.64 5.009 9.38 10
-0.979 5.27 9.79 10
-0.58 5.41 9.86 10
-0.24 5.16 9.15 10
0.049 4.68 8.76 10
0.35 4.259 9.19 10
0.489 3.98 9.429 10
0.47 4.04 9.29 10
0.26 4.39 9.269 10
0.0 4.74 9.21 10
-0.13 5.049 9.44 10
0.0 5.1 9.69 10
0.35 4.85 9.809 10
1.02 4.72 9.54 10
1.35 4.75 9.37 10
1.459 4.88 9.269 10
1.29 5.0 8.88 10
1.05 4.9 8.86 10
0.77 4.68 8.95 10
0.539 4.68 9.04 10
0.47 4.69 9.309 10
0.65 4.68 9.66 10
0.87 4.46 9.7 10
1.069 4.14 9.63 10
1.25 3.919 9.559 10
1.41 3.899 9.599 10
1.439 3.949 9.42 10
1.42 4.06 9.429 10
1.4 4.19 9.53 10
1.53 4.31 9.57 10
1.449 4.35 9.54 10
1.5 4.2 9.469 10
1.54 4.17 9.45 10
1.51 4.12 9.16 10
1.469 4.1 8.96 10
1.5 4.02 8.809 10
1.56 3.99 8.69 10
1.52 3.949 8.73 10
1.459 3.879 8.53 10
1.48 3.909 8.69 10
1.43 3.87 8.88 10
1.48 3.929 8.98 10
1.66 3.97 8.97 10
1.709 3.939 9.01 10
1.66 4.0 8.809 10
1.469 4.029 8.72 10
1.39 3.86 8.63 10
1.18 3.8 8.5 10
1.339 3.8 8.66 10
1.23 3.75 8.69 10
1.14 3.73 8.94 10
1.28 3.659 9.019 10
1.54 3.62 8.99 10
1.689 3.649 9.09 10
1.67 3.74 9.179 10
1.709 3.79 9.01 10
1.62 3.86 8.889 10
1.48 3.8 8.86 9
1.38 3.679 8.75 10
1.319 3.679 8.78 10
1.41 3.77 8.78 10
1.38 3.76 8.82 10
1.339 3.86 8.929 10
1.439 3.78 9.0 10
1.589 3.669 8.83 10
1.709 3.59 8.79 10
1.81 3.429 8.69 10
1.86 3.37 8.72 10
1.78 3.37 8.82 10
1.829 3.57 8.98 10
1.8 3.74 9.12 10
1.79 3.909 9.29 10
1.68 3.929 9.349 10
1.38 3.889 9.53 10
1.13 3.79 9.45 10
0.979 3.55 9.28 10
1.04 3.399 9.139 10
1.11 3.37 9.04 10
1.1 3.28 8.95 10
1.06 3.34 9.019 10
1.04 3.37 9.059 10
0.87 3.439 9.139 10
0.669 3.49 9.179 10
0.5 3.53 9.03 10
0.429 3.5 8.83 10
0.34 3.419 8.84 10
0.359 3.409 8.83 10
0.39 3.439 8.769 10
0.359 3.47 8.97 10
0.199 3.5 9.04 10
0.03 3.53 9.11 10
-0.179 3.61 9.12 10
-0.38 3.6 9.11 10
-0.51 3.6 9.07 10
-0.57 3.6 9.12 10
-0.62 3.51 9.25 10
-0.61 3.55 9.23 10
-0.729 3.59 9.22 10
-0.859 3.56 9.269 10
-1.0 3.5 9.269 10
-1.0 3.56 9.24 10
-1.04 3.58 9.19 10
-1.09 3.58 9.19 10
-1.069 3.51 9.21 10
-1.1 3.49 9.28 10
-1.11 3.53 9.309 10
-1.14 3.56 9.36 10
-1.13 3.51 9.32 10
-1.09 3.46 9.389 10
-1.01 3.47 9.429 10
-1.01 3.49 9.4 10
-0.95 3.54 9.48 10
-0.94 3.51 9.62 10
-0.94 3.56 9.62 10
-1.069 3.57 9.639 10
-1.15 3.55 9.61 10
-1.15 3.55 9.57 10
-1.24 3.54 9.54 10
-1.22 3.6 9.49 10
-1.199 3.629 9.46 10
-1.189 3.679 9.519 9
-1.24 3.75 9.5 10
-1.28 3.79 9.58 10
-1.27 3.81 9.57 10
-1.27 3.78 9.57 10
-1.28 3.82 9.49 10
-1.27 3.79 9.46 10
-1.22 3.74 9.38 10
-1.199 3.639 9.4 10
-1.05 3.649 9.28 10
-1.03 3.72 9.21 10
-1.03 3.74 9.2 10
-1.12 3.679 9.13 10
-1.15 3.79 9.09 10
-1.28 3.85 9.09 10
-1.35 3.889 9.08 10
-1.35 3.889 9.0 10
-1.339 3.86 8.91 10
-1.31 3.77 8.92 10
-1.29 3.73 8.94 10
-1.31 3.74 8.889 10
-1.3 3.79 8.96 10
-1.329 3.76 8.94 10
-1.28 3.81 8.849 10
-1.31 3.73 8.82 10
-1.339 3.669 8.84 10
-1.26 3.73 8.849 10
-1.35 3.83 8.769 10
-1.43 3.889 8.79 9
-1.48 3.78 8.87 10
-1.48 3.699 8.929 10
-1.48 3.639 9.01 10
-1.39 3.699 9.139 10
-1.31 3.75 9.099 10
-1.339 3.74 9.16 10
-1.329 3.76 9.139 10
-1.38 3.86 9.2 10
-1.41 3.87 9.08 10
-1.43 3.86 9.12 10
-1.41 3.899 9.07 9
-1.41 3.98 9.059 10
-1.36 3.939 9.08 10
-1.329 3.919 9.17 10
-1.319 3.949 9.2 10
-1.27 3.959 9.17 10
-1.199 3.86 9.25 10
-1.069 3.77 9.15 10
-1.06 3.81 9.0 10
-1.06 3.99 8.78 10
-1.04 4.0 8.66 10
-1.24 3.97 8.679 10
-1.37 3.99 8.61 10
-1.4 4.14 8.67 9
-1.39 4.12 8.71 10
-1.329 4.02 8.769 10
-1.199 3.97 8.79 10
-1.13 3.99 8.769 10
-1.06 3.959 8.78 10
-1.079 3.85 8.73 10
-1.079 3.879 8.75 10
-0.989 3.899 8.72 10
-1.01 3.879 8.74 10
-1.02 3.939 8.78 10
-1.16 3.949 8.73 9
-1.17 4.069 8.75 10
-1.199 4.029 8.82 10
-1.22 3.99 8.809 10
-1.18 3.97 8.88 10
-1.09 4.0 8.849 10
-1.06 3.949 8.94 10
-1.0 3.889 8.97 10
-0.969 3.879 9.0 10
-0.969 3.929 9.0 10
-0.94 3.98 9.01 10
-0.96 4.049 9.03 10
-1.0 4.14 9.05 10
-1.09 4.18 9.0 10
-1.14 4.23 8.92 10
-1.14 4.279 8.9 9
-1.06 4.23 8.849 10
-0.96 4.2 8.79 10
-0.9 4.13 8.75 10
-0.919 4.08 8.769 10
-0.909 4.06 8.67 10
-0.94 4.13 8.679 10
-0.979 4.24 8.58 10
-0.979 4.33 8.62 10
-1.01 4.24 8.65 10
-1.01 4.17 8.7 10
-1.03 4.18 8.849 10
-0.96 4.21 8.95 10
-0.979 4.16 9.08 10
-1.02 4.13 9.12 10
-0.969 4.08 9.019 10
-0.93 4.08 8.9 10
-0.969 4.15 8.889 10
-0.87 4.23 8.82 10
-0.87 4.25 8.67 10
-0.87 4.14 8.599 10
-0.89 4.17 8.49 10
-0.969 4.21 8.24 10
-0.989 4.18 8.28 9
-1.03 4.17 8.37 10
-1.16 4.14 7.93 10
-1.16 4.21 8.12 10
-1.05 4.12 8.17 10
-1.02 3.909 8.41 10
-1.079 3.75 8.58 10
-1.069 3.81 8.78 10
-1.13 3.81 8.82 10
-1.04 3.689 8.91 10
-0.859 3.62 8.8 10
-0.7 3.57 8.7 10
-0.669 3.31 8.62 10
-0.88 3.32 8.179 10
-0.909 3.85 8.24 10
-0.94 4.11 8.67 10
-1.0 3.79 8.62 10
-1.13 3.53 8.679 10
-1.06 3.51 8.849 10
-0.96 3.61 9.139 10
-0.82 3.57 9.17 10
-0.71 3.49 9.059 10
-0.81 3.5 8.809 10
-0.89 3.56 8.61 10
-0.979 3.629 8.75 10
-1.1 3.72 8.889 10
-1.09 3.879 9.09 10
-1.06 3.99 9.429 10
-1.04 4.049 9.69 9

# Completed @Fri Dec 02 13:27:52 CST 2016
