# Accelerometer Data File
# Started @Fri Dec 02 13:26:22 CST 2016
#
#
# sensor Vendor: STMicroelectronics
# sensor Name: LSM330 3-axis Accelerometer
# sensor Resolution: 0.009576807m/sec^2; Max Range: 78.4532; Min Delay: 10000 microseconds
# The sensor's attributes are the result hardware and the Android capabilities.
# It means that the Android may not utilize all features provided by the hardware.
#
# Some devices and Android versions save battery too much so the device may go to sleep.
# It just happens after couple of minutes from turning off the scree and it is easy to find it out.
#
# The following file provides the data from accelerometer in the m/s^2 format.
# The diff value is just a time delta between the samples
#
#
# data format:
# so we have 4 columns with values separated by the " "
# X Y Z time_from_previous_sample(ms)

# sensor speed set to:FASTEST
# units set to: m/sec^2
# gravity NOT filtered out
# Accuracy: HIGH
-0.995 4.319 8.791 0
-0.909 4.395 8.667 9
-0.785 4.367 8.714 10
-0.718 4.28 8.801 10
-0.679 4.232 8.839 10
-0.66 4.232 8.791 10
-0.603 4.271 8.714 10
-0.517 4.299 8.561 10
-0.44 4.338 8.494 10
-0.411 4.338 8.513 10
-0.497 4.319 8.58 10
-0.565 4.29 8.657 10
-0.584 4.242 8.753 10
-0.526 4.223 8.772 10
-0.497 4.252 8.82 10
-0.44 4.271 8.868 10
-0.45 4.28 8.925 10
-0.459 4.271 8.973 10
-0.459 4.271 8.983 10
-0.45 4.261 8.973 10
-0.44 4.252 8.935 10
-0.497 4.232 8.963 10
-0.565 4.223 9.078 11
-0.66 4.194 9.107 9
-0.689 4.213 9.03 10
-0.632 4.242 8.906 10
-0.67 4.28 8.705 10
-0.679 4.309 8.58 10
-0.622 4.367 8.456 11
-0.565 4.395 8.379 9
-0.574 4.367 8.427 10
-0.555 4.319 8.542 10
-0.565 4.252 8.686 11
-0.593 4.137 8.82 9
-0.67 4.089 8.916 11
-0.746 4.05 8.973 9
-0.785 3.983 9.078 10
-0.785 3.964 9.088 10
-0.746 3.974 8.944 10
-0.708 4.012 8.791 10
-0.679 4.06 8.647 10
-0.651 4.108 8.494 10
-0.679 4.089 8.465 10
-0.775 4.012 8.609 10
-0.775 3.974 8.772 10
-0.766 3.916 8.925 10
-0.766 3.84 9.03 10
-0.794 3.84 9.126 11
-0.852 3.811 9.155 10
-0.928 3.792 9.184 9
-1.005 3.821 9.155 10
-1.053 3.878 9.03 10
-1.053 3.945 8.887 10
-1.024 3.993 8.705 10
-0.976 4.041 8.523 10
-0.919 4.05 8.446 10
-0.871 4.003 8.475 10
-0.871 3.955 8.609 10
-0.928 3.897 8.791 10
-0.967 3.859 8.973 10
-0.948 3.84 9.05 10
-0.948 3.888 8.983 10
-0.919 3.936 8.81 11
-0.919 3.993 8.619 9
-0.881 4.079 8.446 10
-0.861 4.127 8.389 10
-0.842 4.165 8.418 10
-0.823 4.156 8.532 11
-0.794 4.137 8.647 9
-0.861 4.165 8.705 11
-0.804 4.175 8.724 9
-0.746 4.185 8.868 10
-0.708 4.156 9.011 10
-0.727 4.118 9.155 11
-0.689 4.07 9.26 9
-0.689 4.137 9.26 10
-0.785 4.204 9.117 11
-0.852 4.299 8.954 10
-0.948 4.395 8.81 10
-0.986 4.434 8.686 10
-0.928 4.462 8.571 9
-0.833 4.481 8.485 10
-0.718 4.51 8.513 10
-0.679 4.472 8.609 11
-0.766 4.424 8.839 9
-0.881 4.309 9.05 10
-0.938 4.232 9.203 11
-0.9 4.194 9.279 9
-0.794 4.165 9.222 10
-0.67 4.194 9.088 10
-0.612 4.232 8.944 10
-0.651 4.309 8.82 10
-0.737 4.347 8.734 10
-0.871 4.347 8.695 11
-0.928 4.338 8.695 10
-0.948 4.319 8.724 9
-0.976 4.299 8.801 11
-1.015 4.309 8.82 9
-1.034 4.299 8.81 10
-0.967 4.309 8.791 10
-0.881 4.28 8.81 10
-0.814 4.252 8.781 10
-0.727 4.232 8.82 11
-0.727 4.194 8.848 9
-0.794 4.175 8.916 11
-0.852 4.127 8.992 9
-0.928 4.089 9.05 10
-0.928 4.098 9.021 10
-0.881 4.127 8.916 10
-0.775 4.185 8.801 10
-0.718 4.232 8.657 10
-0.66 4.271 8.561 10
-0.622 4.299 8.561 11
-0.679 4.328 8.58 9
-0.746 4.309 8.638 10
-0.842 4.299 8.734 10
-0.833 4.28 8.791 11
-0.775 4.252 8.791 9
-0.679 4.271 8.829 11
-0.622 4.261 8.868 9
-0.593 4.271 8.906 10
-0.612 4.28 8.935 10
-0.679 4.29 8.896 10
-0.718 4.328 8.829 10
-0.708 4.386 8.734 11
-0.699 4.395 8.647 9
-0.66 4.434 8.58 11
-0.632 4.453 8.561 9
-0.641 4.443 8.571 11
-0.632 4.424 8.619 10
-0.584 4.386 8.695 9
-0.574 4.367 8.801 10
-0.593 4.338 8.877 10
-0.584 4.328 8.877 11
-0.555 4.376 8.829 9
-0.497 4.443 8.686 10
-0.488 4.462 8.599 11
-0.507 4.462 8.59 10
-0.574 4.453 8.647 9
-0.622 4.405 8.762 10
-0.66 4.414 8.81 10
-0.651 4.434 8.829 10
-0.584 4.472 8.762 10
-0.507 4.491 8.714 10
-0.507 4.52 8.638 10
-0.545 4.548 8.58 10
-0.574 4.577 8.523 10
-0.622 4.577 8.485 10
-0.651 4.558 8.465 10
-0.622 4.558 8.552 10
-0.593 4.529 8.571 10
-0.584 4.52 8.686 10
-0.584 4.472 8.801 10
-0.603 4.434 8.906 10
-0.574 4.424 8.887 11
-0.517 4.424 8.781 9
-0.497 4.472 8.714 10
-0.545 4.481 8.695 11
-0.612 4.501 8.705 10
-0.689 4.501 8.695 9
-0.699 4.501 8.638 10
-0.66 4.52 8.58 10
-0.584 4.539 8.552 10
-0.555 4.558 8.465 10
-0.545 4.558 8.485 10
-0.507 4.501 8.571 10
-0.526 4.443 8.667 10
-0.545 4.424 8.714 10
-0.565 4.434 8.753 11
-0.612 4.443 8.724 9
-0.612 4.491 8.667 11
-0.632 4.501 8.609 9
-0.632 4.529 8.532 11
-0.612 4.558 8.427 9
-0.574 4.568 8.465 10
-0.536 4.539 8.523 10
-0.565 4.52 8.609 10
-0.612 4.491 8.686 11
-0.66 4.491 8.724 9
-0.632 4.472 8.686 10
-0.517 4.481 8.676 11
-0.517 4.52 8.599 10
-0.526 4.52 8.561 9
-0.584 4.596 8.609 10
-0.603 4.558 8.552 10
-0.507 4.481 8.571 10
-0.373 4.491 8.695 11
-0.316 4.424 8.705 9
-0.306 4.453 8.695 10
-0.325 4.491 8.695 10
-0.469 4.443 8.743 10
-0.545 4.405 8.829 10
-0.555 4.367 8.896 10
-0.517 4.376 8.887 10
-0.459 4.453 8.82 10
-0.421 4.52 8.705 11
-0.44 4.606 8.628 9
-0.478 4.635 8.571 10
-0.507 4.635 8.523 11
-0.497 4.644 8.523 9
-0.526 4.635 8.542 10
-0.536 4.596 8.619 10
-0.584 4.577 8.743 10
-0.632 4.577 8.82 11
-0.66 4.568 8.801 9
-0.593 4.539 8.734 10
-0.497 4.568 8.628 10
-0.44 4.587 8.523 11
-0.392 4.596 8.485 9
-0.421 4.606 8.456 10
-0.459 4.596 8.475 11
-0.488 4.587 8.542 9
-0.45 4.529 8.638 10
-0.402 4.462 8.772 11
-0.287 4.453 8.82 10
-0.287 4.462 8.762 9
-0.306 4.52 8.743 10
-0.325 4.548 8.705 10
-0.354 4.558 8.619 10
-0.402 4.577 8.552 10
-0.43 4.558 8.523 10
-0.411 4.548 8.513 10
-0.402 4.548 8.552 10
-0.43 4.558 8.599 10
-0.411 4.539 8.647 10
-0.354 4.548 8.647 10
-0.344 4.558 8.647 11
-0.325 4.558 8.657 9
-0.402 4.568 8.657 10
-0.469 4.587 8.647 10
-0.536 4.606 8.647 10
-0.603 4.606 8.628 10
-0.574 4.596 8.638 10
-0.478 4.596 8.59 10
-0.383 4.625 8.532 10
-0.383 4.654 8.532 11
-0.43 4.683 8.58 10
-0.507 4.673 8.657 9
-0.507 4.635 8.667 11
-0.45 4.625 8.657 9
-0.43 4.616 8.705 10
-0.43 4.616 8.734 10
-0.488 4.606 8.781 11
-0.565 4.606 8.848 9
-0.622 4.548 8.916 10
-0.622 4.51 8.906 10
-0.584 4.51 8.839 11
-0.497 4.529 8.772 9
-0.411 4.539 8.724 11
-0.402 4.558 8.657 10
-0.43 4.577 8.609 9
-0.497 4.587 8.552 11
-0.555 4.625 8.456 9
-0.526 4.663 8.37 11
-0.555 4.683 8.341 9
-0.584 4.663 8.341 10
-0.593 4.683 8.398 10
-0.565 4.654 8.485 10
-0.497 4.644 8.599 10
-0.469 4.635 8.714 10
-0.488 4.587 8.781 11
-0.497 4.596 8.839 9
-0.574 4.577 8.848 10
-0.584 4.606 8.839 10
-0.555 4.587 8.81 10
-0.536 4.577 8.743 11
-0.488 4.616 8.667 9
-0.45 4.635 8.58 10
-0.421 4.654 8.542 10
-0.45 4.692 8.532 10
-0.478 4.673 8.609 11
-0.517 4.644 8.59 10
-0.497 4.635 8.609 9
-0.478 4.616 8.619 10
-0.507 4.606 8.609 11
-0.44 4.577 8.657 10
-0.44 4.577 8.667 9
-0.45 4.596 8.638 11
-0.44 4.606 8.609 10
-0.421 4.625 8.552 10
-0.43 4.654 8.485 9
-0.363 4.663 8.437 10
-0.316 4.673 8.398 11
-0.296 4.654 8.437 9
-0.325 4.644 8.494 10
-0.373 4.644 8.504 10
-0.421 4.673 8.532 10
-0.392 4.673 8.561 10
-0.344 4.673 8.59 10
-0.296 4.702 8.628 11
-0.325 4.711 8.714 10
-0.363 4.692 8.724 9
-0.373 4.711 8.686 10
-0.316 4.73 8.571 11
-0.181 4.788 8.446 9
-0.181 4.807 8.418 11
-0.258 4.778 8.542 9
-0.383 4.721 8.724 11
-0.497 4.654 8.858 9
-0.488 4.663 8.877 10
-0.325 4.683 8.762 11
-0.201 4.721 8.628 9
-0.162 4.778 8.494 10
-0.22 4.826 8.341 10
-0.296 4.836 8.226 10
-0.344 4.865 8.149 10
-0.354 4.865 8.149 10
-0.383 4.836 8.216 10
-0.373 4.817 8.322 11
-0.335 4.797 8.427 9
-0.325 4.74 8.561 11
-0.325 4.702 8.647 10
-0.316 4.673 8.714 10
-0.316 4.673 8.657 9
-0.335 4.702 8.59 11
-0.354 4.73 8.485 10
-0.373 4.75 8.437 9
-0.402 4.759 8.408 11
-0.411 4.778 8.37 10
-0.373 4.778 8.35 9
-0.306 4.778 8.331 10
-0.248 4.788 8.322 10
-0.277 4.807 8.331 10
-0.325 4.817 8.37 10
-0.335 4.788 8.475 11
-0.316 4.721 8.609 9
-0.287 4.702 8.695 10
-0.325 4.74 8.734 11
-0.306 4.711 8.695 9
-0.258 4.74 8.628 10
-0.268 4.75 8.561 10
-0.344 4.778 8.523 10
-0.411 4.797 8.475 10
-0.478 4.788 8.465 10
-0.469 4.797 8.446 10
-0.402 4.788 8.408 11
-0.363 4.74 8.418 9
-0.316 4.74 8.465 11
-0.363 4.759 8.456 10
-0.421 4.721 8.465 9
-0.44 4.73 8.408 11
-0.421 4.74 8.264 10
-0.373 4.74 8.236 9
-0.344 4.74 8.283 10
-0.421 4.702 8.465 11
-0.488 4.606 8.647 9
-0.517 4.587 8.753 10
-0.497 4.606 8.762 10
-0.469 4.663 8.686 10
-0.526 4.683 8.638 10
-0.612 4.692 8.638 10
-0.66 4.625 8.686 10
-0.67 4.606 8.791 11
-0.593 4.577 8.762 9
-0.555 4.625 8.686 10
-0.526 4.673 8.619 10
-0.565 4.711 8.532 10
-0.651 4.73 8.465 10
-0.689 4.75 8.427 10
-0.622 4.73 8.437 10
-0.574 4.721 8.437 10
-0.555 4.73 8.456 10
-0.555 4.721 8.475 10
-0.555 4.73 8.513 10
-0.565 4.683 8.599 10
-0.565 4.644 8.714 10
-0.536 4.606 8.772 11
-0.507 4.625 8.753 9
-0.469 4.663 8.734 10
-0.43 4.683 8.647 10
-0.402 4.711 8.609 10
-0.44 4.702 8.552 10
-0.488 4.73 8.494 11
-0.517 4.769 8.36 9
-0.545 4.865 8.274 10
-0.545 4.893 8.188 11
-0.526 4.903 8.169 10
-0.488 4.884 8.255 10
-0.497 4.826 8.37 9
-0.488 4.797 8.494 11
-0.459 4.759 8.513 10
-0.373 4.75 8.475 9
-0.296 4.778 8.446 11
-0.277 4.788 8.446 9
-0.296 4.769 8.456 10
-0.392 4.778 8.427 10
-0.44 4.797 8.456 10
-0.488 4.778 8.418 10
-0.517 4.74 8.446 11
-0.497 4.711 8.494 9
-0.45 4.654 8.475 10
-0.316 4.635 8.523 10
-0.239 4.616 8.561 10
-0.191 4.577 8.571 11
-0.21 4.558 8.628 9
-0.258 4.558 8.619 10
-0.316 4.596 8.552 10
-0.402 4.635 8.456 10
-0.459 4.635 8.379 10
-0.45 4.644 8.312 10
-0.43 4.663 8.255 11
-0.402 4.683 8.274 9
-0.363 4.673 8.312 10
-0.392 4.625 8.408 11
-0.421 4.51 8.599 9
-0.45 4.386 8.743 10
-0.478 4.319 8.858 10
-0.478 4.319 8.896 10
-0.469 4.338 8.848 10
-0.45 4.434 8.686 10
-0.459 4.529 8.504 10
-0.507 4.616 8.303 10
-0.536 4.663 8.14 10
-0.574 4.721 7.996 10
-0.593 4.74 7.92 10
-0.622 4.721 7.996 10
-0.651 4.711 8.178 10
-0.641 4.616 8.37 11
-0.545 4.539 8.561 9
-0.44 4.568 8.676 11
-0.392 4.616 8.628 9
-0.306 4.625 8.465 10
-0.287 4.759 8.274 10
-0.258 4.788 8.063 11
-0.277 4.807 7.948 9
-0.335 4.817 7.967 10
-0.316 4.817 7.987 11
-0.229 4.845 8.025 9
-0.076 4.865 8.101 10
0.038 4.855 8.178 10
0.076 4.845 8.255 11
0.0 4.817 8.35 10
-0.086 4.807 8.494 9
-0.181 4.807 8.705 10
-0.22 4.826 8.743 11
-0.22 4.932 8.599 10
-0.22 5.056 8.293 9
-0.239 5.257 7.881 10
-0.402 5.458 7.498 11
-0.497 5.669 7.192 10
-0.497 5.793 7.086 9
-0.392 5.832 7.144 11
-0.287 5.793 7.402 10
-0.248 5.717 7.785 9
-0.555 5.64 8.14 10
-0.823 5.659 8.303 11
-0.995 5.698 8.169 9
-0.995 5.841 8.025 10
-1.12 6.014 7.536 10
-1.091 6.148 7.201 10
-0.967 6.263 7.345 11
-0.995 6.224 7.69 10
-1.101 6.119 7.852 10
-1.158 6.11 7.795 9
-1.35 5.88 7.651 10
-1.436 5.765 7.46 11
-1.273 5.726 7.441 9
-0.909 5.631 7.489 10
-0.507 5.497 7.776 10
-0.373 5.363 8.121 10
-0.574 5.363 8.245 10
-0.785 5.468 7.958 10
-0.746 5.477 7.268 10
-0.689 5.535 6.588 10
-0.507 5.65 6.177 10
-0.181 5.861 6.311 10
0.076 6.177 6.866 10
0.162 6.588 7.441 10
0.363 7.067 7.91 10
0.526 7.498 8.14 10
0.363 7.718 8.006 10
0.0 7.805 8.063 11
-0.248 7.738 8.638 9
-0.258 7.402 9.509 10
-0.296 6.981 10.457 11
-0.545 6.703 11.08 9
-0.967 6.56 11.022 11
-1.235 6.675 10.457 9
-1.225 6.751 9.653 10
-1.283 6.78 8.868 11
-1.426 6.732 8.322 10
-1.513 6.598 8.015 9
-1.426 6.426 7.757 10
-1.12 6.234 7.345 10
-0.727 6.004 6.761 10
-0.411 5.88 6.291 10
-0.009 5.669 6.052 10
-0.009 5.43 6.646 11
-0.287 5.046 7.747 9
-0.43 4.692 9.069 10
-0.459 4.299 10.026 10
-0.402 4.242 10.266 10
-0.028 4.596 9.701 10
0.593 5.133 8.657 11
1.177 5.535 7.987 9
1.532 5.841 7.891 10
1.666 5.956 8.159 11
1.637 6.062 8.532 9
1.589 6.119 9.059 10
1.618 6.129 10.141 10
1.503 6.339 11.415 10
0.727 6.607 12.507 10
0.622 6.933 12.88 10
0.181 7.048 13.378 10
0.239 7.019 13.848 10
0.411 7.144 14.211 10
0.718 7.335 14.03 10
1.379 7.613 13.215 10
2.039 8.044 12.172 11
2.614 8.81 10.955 9
2.738 8.992 10.026 10
2.269 8.408 9.653 10
1.292 7.287 9.835 10
-0.095 5.765 10.658 11
-1.819 4.137 11.482 9
-3.629 2.643 11.884 10
-4.855 1.647 11.415 10
-5.506 1.063 10.093 10
-5.64 0.909 7.967 10
-5.008 1.024 5.726 12
-3.916 1.244 3.505 9
-2.873 1.244 2.068 10
-1.896 1.11 1.312 10
-1.283 1.024 1.379 10
-1.35 1.005 2.173 9
-1.848 0.976 3.227 10
-2.394 0.881 4.156 10
-2.968 0.814 4.826 10
-3.39 0.919 5.42 10
-3.706 1.043 5.947 10
-3.964 1.244 6.627 10
-3.888 1.35 7.354 10
-3.418 1.848 8.178 11
-2.738 2.844 9.433 9
-2.499 4.501 10.984 10
-3.055 5.612 12.248 10
-3.323 6.416 13.742 10
-2.212 7.268 15.82 11
-0.948 7.632 17.544 9
-0.086 7.412 18.837 11
0.287 7.23 20.226 9
0.076 7.029 20.685 10
-0.842 7.0 20.053 10
-1.503 7.192 18.243 10
-1.637 7.575 15.456 11
-1.283 8.073 11.999 9
-0.421 8.149 9.155 10
0.469 7.747 7.259 11
0.833 7.01 6.483 9
0.373 6.129 6.512 10
-0.067 5.477 6.655 10
0.038 5.363 6.435 10
0.134 5.726 5.908 10
-0.009 6.119 4.932 10
-0.181 6.1 3.926 10
-0.143 5.746 3.055 10
0.21 5.295 2.461 10
0.967 4.855 2.537 11
1.714 4.405 3.169 9
3.007 4.367 4.491 11
4.29 4.232 5.43 10
5.295 4.089 6.081 9
5.238 3.964 6.042 11
4.424 3.897 5.544 9
3.821 4.137 4.884 10
3.313 4.395 4.702 10
3.189 4.788 5.363 10
2.968 5.027 6.866 10
2.863 5.181 9.308 10
2.834 5.765 12.401 10
2.068 6.493 15.342 10
0.766 6.885 17.448 10
0.019 7.422 19.632 10
0.019 7.852 21.365 11
-0.047 7.287 22.304 9
-0.909 5.813 21.413 11
-1.618 5.372 19.46 9
-2.02 5.908 16.998 10
-1.877 6.224 13.397 11
-2.987 6.224 10.553 9
-2.365 5.784 7.536 10
-1.886 4.922 5.085 10
-1.082 3.572 2.825 10
-0.143 2.298 1.628 11
0.248 1.139 1.656 9
0.076 0.134 1.455 10
-0.488 -0.277 1.877 10
-1.474 -0.258 1.924 11
-2.355 -0.229 1.599 9
-3.916 -0.019 1.503 11
-4.989 0.076 1.206 10
-5.133 0.047 0.67 9
-4.797 -0.201 -0.067 10
-4.271 -0.804 -0.507 10
-3.667 -1.58 0.153 10
-3.169 -1.972 1.915 10
-3.016 -1.896 3.284 10
-3.457 -1.513 4.759 10
-4.232 -0.718 6.081 10
-5.123 0.268 7.278 11
-5.037 1.426 8.149 9
-3.39 2.93 9.921 10
-1.197 5.305 12.536 10
-0.651 7.584 14.911 10
-1.599 8.58 15.485 10
-1.704 9.969 16.156 10
-1.771 9.979 17.353 11
-2.193 8.322 19.709 9
-3.112 6.301 21.404 10
-4.453 4.845 21.174 10
-4.865 4.548 19.0 10
-3.926 5.133 15.667 10
-2.767 5.631 12.612 10
-1.762 5.363 10.419 11
-0.948 4.979 9.94 9
-0.21 4.338 10.457 11
0.488 3.667 11.166 10
1.053 3.208 11.3 9
1.407 3.16 10.783 10
1.685 3.371 9.49 10
1.905 3.62 7.958 10
1.915 4.012 6.33 10
2.02 4.826 4.999 10
2.317 5.736 4.175 10
2.729 6.445 3.658 10
3.064 6.742 3.552 10
2.987 6.588 3.514 10
2.882 6.157 3.256 11
3.016 5.908 3.122 9
3.294 5.793 3.562 10
3.217 5.679 4.424 10
2.758 5.497 5.621 10
2.068 5.295 7.105 10
1.244 4.989 8.925 11
0.392 4.558 11.396 9
0.067 4.242 13.8 10
0.268 4.185 16.223 11
0.861 4.548 18.148 10
1.848 5.966 20.063 9
2.806 7.364 20.934 10
2.758 9.289 20.982 10
1.599 11.013 20.733 10
-0.928 9.94 19.891 11
-3.773 7.249 19.23 9
-5.487 5.468 18.646 10
-6.196 4.797 17.247 11
-6.244 4.884 14.767 9
-5.564 5.343 12.057 10
-4.299 5.267 8.954 10
-3.112 4.548 6.11 10
-1.771 3.428 4.223 11
-0.392 2.145 2.959 10
0.517 1.101 2.317 10
0.9 0.22 2.001 9
0.794 -0.383 1.762 10
0.114 -0.823 1.484 10
-0.287 -1.091 1.091 10
-1.072 -1.177 0.785 10
-1.656 -1.244 0.651 10
-2.413 -1.206 0.737 10
-3.208 -1.139 0.919 11
-3.897 -1.091 0.986 9
-4.232 -1.235 0.928 11
-4.108 -1.292 0.459 9
-3.734 -1.283 0.306 10
-3.61 -1.618 -0.076 10
-3.581 -1.982 -0.047 10
-3.524 -1.915 0.459 10
-3.677 -1.503 1.331 10
-4.213 -0.593 2.566 10
-4.692 0.565 4.204 10
-5.008 1.924 6.33 11
-5.295 2.949 8.188 9
-5.152 4.223 11.971 10
-4.558 6.607 17.276 10
-5.401 9.442 22.467 10
-8.149 10.199 24.162 11
-8.456 11.607 22.342 10
-5.832 14.614 20.044 9
-4.089 14.901 17.688 10
-3.983 12.966 15.993 10
-4.75 10.419 15.083 10
-4.587 8.504 13.733 10
-3.552 7.69 11.712 10
-2.001 7.173 9.586 11
-0.43 6.56 7.948 10
1.216 6.052 6.742 10
2.576 5.477 5.899 9
3.543 4.788 5.238 10
3.897 4.357 4.874 10
4.022 4.386 4.616 10
3.648 4.462 4.271 10
2.949 4.367 4.596 10
2.384 4.232 5.602 10
2.039 4.118 6.837 10
1.81 3.878 7.556 10
1.838 3.658 7.843 10
2.193 3.667 7.747 11
2.681 3.801 6.924 9
2.949 3.936 5.688 10
3.045 4.156 4.252 11
2.892 4.367 3.189 9
2.863 4.616 2.959 10
2.997 4.836 3.61 10
2.987 4.711 4.797 11
2.633 4.501 6.713 10
1.618 4.577 9.117 9
0.105 4.74 11.951 10
-1.158 4.97 14.642 10
-1.273 5.995 17.19 11
0.392 8.389 18.895 9
2.308 11.013 19.335 10
3.418 13.359 19.412 10
2.968 14.93 20.542 11
0.708 12.334 20.57 9
-0.986 8.034 20.36 10
-1.053 5.995 20.724 11
-1.005 4.932 19.986 9
-1.426 4.146 18.109 11
-1.714 3.725 15.284 10
-1.522 3.639 12.248 10
-1.216 3.658 9.117 9
-0.909 3.342 6.282 10
-0.296 2.537 3.572 10
0.143 1.714 1.656 10
0.201 0.967 0.737 10
-0.21 0.153 -0.134 10
-0.833 -0.383 -0.067 10
-1.608 -0.756 0.258 11
-2.796 -1.072 1.072 10
-4.271 -1.043 1.848 9
-5.87 -1.024 2.422 10
-7.048 -1.149 2.624 11
-7.556 -1.513 2.461 9
-6.885 -1.905 2.202 10
-5.87 -2.135 2.346 10
-4.855 -2.039 2.738 10
-4.079 -1.819 3.323 10
-4.003 -1.417 4.204 11
-4.232 -0.756 5.746 10
-3.849 0.258 7.747 9
-3.505 1.206 9.327 11
-3.246 1.513 10.955 9
-3.093 1.771 13.656 10
-3.313 3.275 18.071 10
-3.869 5.353 22.17 10
-4.261 7.613 23.329 10
-3.543 9.682 21.566 11
-1.292 12.583 19.373 9
0.191 13.455 17.429 11
-0.028 12.296 15.332 10
-1.024 11.185 13.752 9
-1.79 10.323 12.267 10
-1.944 9.701 10.352 10
-1.58 9.069 8.006 11
-0.689 8.35 5.966 10
0.421 7.46 4.28 10
1.34 6.54 3.16 9
2.221 5.487 2.585 10
2.748 4.596 2.624 10
2.719 3.916 2.796 11
2.221 3.38 2.777 9
1.675 3.074 2.719 11
1.072 3.045 2.767 9
0.344 3.179 3.102 11
-0.354 3.409 3.687 9
-0.545 3.734 3.897 10
-0.009 4.156 3.754 11
0.948 4.424 3.303 10
1.848 4.51 2.786 9
2.47 4.548 2.26 10
2.873 4.453 1.915 10
3.112 4.309 1.896 11
3.208 4.223 2.269 10
3.189 4.252 3.026 9
2.968 4.405 4.347 11
2.518 4.616 6.876 9
1.656 5.018 10.017 10
0.603 5.487 13.273 11
-0.124 6.004 16.903 10
0.948 7.632 19.804 10
3.035 10.984 22.352 10
3.945 13.962 23.587 9
3.725 16.51 24.985 11
0.086 16.098 26.163 9
-3.849 12.066 25.905 11
-5.803 8.944 25.799 9
-6.234 6.952 24.976 10
-6.071 5.372 22.869 10
-5.64 4.376 19.986 11
-5.238 3.773 16.433 9
-4.903 3.361 12.976 11
-4.175 3.15 9.452 10
-3.878 2.595 6.502 9
-2.796 1.877 3.438 10
-1.953 1.216 1.158 10
-1.187 0.718 -0.612 10
-1.379 0.153 -1.752 10
-1.58 -0.392 -2.394 10
-2.011 -0.842 -1.991 10
-2.7 -1.149 -1.618 11
-3.533 -1.206 -1.273 9
-4.577 -1.158 -0.9 11
-5.64 -1.043 -0.248 9
-6.378 -1.024 0.593 10
-6.464 -1.302 1.13 10
-6.215 -1.8 1.484 11
-5.564 -2.442 1.522 9
-4.74 -2.738 1.379 10
-3.878 -2.509 1.656 10
-3.169 -1.723 2.279 11
-3.016 -0.517 3.562 9
-3.16 0.766 4.845 10
-3.093 1.8 7.077 11
-2.489 2.652 9.816 9
-1.599 4.041 14.326 10
-0.603 6.454 18.377 10
-0.421 9.481 20.369 10
-1.628 11.559 18.626 10
-1.13 15.188 16.701 10
-0.823 16.768 15.227 10
-1.982 14.614 13.618 10
-3.696 12.325 13.675 10
-5.123 10.17 13.503 11
-6.569 8.686 12.717 9
-6.55 8.293 10.544 11
-5.659 8.456 8.121 9
-4.299 8.226 5.698 10
-3.169 7.565 3.993 10
-2.173 6.713 2.738 10
-1.388 5.861 2.03 10
-0.718 5.066 1.848 10
-0.258 4.558 2.173 10
0.172 4.079 2.624 10
0.239 3.782 2.882 10
0.229 3.533 3.045 10
0.172 3.294 3.342 10
0.363 3.198 3.754 11
0.622 3.227 4.491 9
1.13 3.524 4.951 10
1.79 3.926 5.066 10
2.288 4.223 4.75 11
2.547 4.261 4.338 9
2.892 4.29 4.146 11
3.294 4.165 4.156 10
3.533 4.05 4.491 10
3.533 4.089 5.372 9
3.294 4.232 6.473 11
2.595 4.386 8.034 9
1.541 4.587 9.969 10
0.134 4.702 12.488 10
-1.005 4.568 15.131 11
-1.618 4.031 17.381 10
-0.804 4.568 18.952 9
0.44 6.177 19.517 11
0.995 7.536 18.339 9
0.708 10.17 16.452 10
0.651 13.407 15.217 10
0.392 12.574 14.097 11
-1.091 8.599 15.227 9
-3.361 5.114 17.295 11
-5.324 2.442 18.349 10
-6.368 0.574 18.1 9
-6.607 -0.105 16.922 10
-6.588 -0.057 14.777 10
-6.1 0.545 12.277 10
-5.066 1.244 9.921 10
-3.83 1.532 7.489 10
-2.576 1.599 5.295 10
-1.407 1.695 3.303 11
-0.823 1.608 2.145 9
-0.22 0.919 1.369 10
-0.421 0.44 1.848 11
-1.072 0.162 2.949 10
-2.183 0.0 3.897 10
-3.782 -0.067 4.481 9
-5.046 -0.038 4.826 10
-5.908 -0.105 5.075 11
-6.263 -0.335 4.989 9
-6.416 -0.766 4.807 10
-6.473 -1.12 4.529 10
-6.416 -1.57 4.108 11
-5.564 -1.723 4.098 9
-4.548 -1.455 4.309 10
-3.859 -0.861 5.477 10
-4.194 -0.019 7.996 10
-5.544 0.746 11.032 10
-7.393 1.953 15.217 10
-8.169 4.118 18.061 10
-8.465 6.847 18.636 10
-8.082 9.366 17.458 10
-5.669 12.717 16.089 10
-3.361 13.895 16.242 11
-3.035 12.066 17.41 9
-3.792 9.318 20.245 10
-5.037 6.607 21.959 10
-5.018 4.951 20.848 10
-4.443 3.677 18.655 10
-5.094 2.719 16.414 10
-3.236 3.141 14.125 10
-0.43 4.472 11.693 10
0.986 4.012 9.145 10
3.294 4.031 6.358 11
5.123 4.213 5.401 10
6.148 4.137 4.778 10
5.295 3.792 4.328 10
3.725 3.677 4.347 9
2.269 3.754 4.185 11
1.465 3.926 3.189 9
1.953 4.232 1.685 10
2.049 4.596 0.363 11
3.208 4.893 -0.622 9
4.175 4.874 -1.426 10
4.261 4.472 -1.436 11
4.328 4.05 -1.024 10
4.491 3.782 -0.488 10
4.548 3.514 0.44 9
4.568 3.198 1.072 10
4.683 3.112 1.723 10
4.443 3.189 1.857 11
3.792 3.112 1.963 10
2.71 3.303 3.064 9
1.417 3.648 5.87 10
0.325 3.974 9.701 11
-0.22 5.075 13.081 9
0.22 7.508 15.294 10
1.656 9.739 14.279 10
3.859 13.455 10.496 11
4.031 17.238 6.933 9
1.886 17.87 3.907 10
-1.944 14.451 4.252 11
-5.573 10.591 6.904 9
-7.805 7.173 9.327 11
-9.557 4.012 10.601 10
-11.3 2.375 10.955 9
-14.384 1.407 11.425 11
-13.742 0.909 11.377 10
-11.52 1.015 10.132 9
-8.667 1.091 7.881 10
-6.119 0.852 5.42 11
-4.232 0.708 3.438 9
-2.911 0.833 1.886 10
-2.489 0.488 0.871 11
-2.451 0.114 1.177 9
-3.552 0.076 2.518 10
-5.315 0.105 3.6 11
-7.211 0.162 3.916 9
-8.944 0.248 4.185 10
-9.088 0.507 3.859 10
-8.303 0.766 3.179 10
-7.316 0.794 1.934 10
-6.54 0.45 0.957 11
-6.244 0.153 0.335 9
-5.841 0.21 0.363 10
-5.899 0.469 0.871 11
-6.349 0.9 2.221 9
-7.469 1.149 4.29 10
-9.165 1.11 6.924 10
-11.166 1.13 10.697 10
-12.842 1.359 14.058 11
-13.895 2.365 16.251 9
-13.34 4.826 15.571 10
-11.568 8.667 13.148 10
-9.519 12.497 11.061 10
-8.753 14.374 10.735 11
-11.405 12.727 10.927 9
-15.619 10.036 11.741 10
-18.138 7.833 12.028 10
-19.163 6.167 11.76 10
-18.138 5.458 10.63 10
-15.696 5.822 9.136 11
-12.947 6.512 7.642 9
-10.218 6.799 5.975 10
-7.785 6.627 4.893 10
-5.315 6.406 4.817 10
-3.562 6.09 5.19 10
-2.604 5.65 5.391 10
-2.078 5.286 5.152 11
-1.541 5.104 4.711 9
-1.35 5.114 4.223 10
-0.172 4.874 3.581 10
0.277 4.75 3.131 10
1.043 4.759 2.949 11
2.078 4.788 2.796 9
2.566 4.884 2.604 10
2.796 4.951 2.576 10
3.064 4.74 2.662 10
3.074 4.548 3.045 10
2.796 4.52 4.194 10
2.183 4.472 5.391 10
0.967 4.52 7.019 10
-0.565 4.692 9.289 10
-2.7 4.616 11.616 10
-5.248 3.955 13.694 10
-7.335 3.38 14.614 10
-8.714 3.505 14.796 10
-8.676 3.993 14.221 10
-6.665 5.841 13.206 11
-3.227 9.097 12.22 9
-0.076 11.903 10.18 10
1.072 13.072 8.245 11
-0.775 12.65 7.824 9
-5.037 11.013 9.27 11
-8.868 9.155 11.482 9
-12.047 7.469 13.263 10
-12.449 6.215 12.813 11
-11.626 5.669 11.415 9
-9.749 5.688 9.375 10
-7.45 5.573 6.876 10
-5.592 5.094 4.884 10
-4.089 4.165 3.61 10
-2.777 3.236 3.39 10
-1.752 2.442 3.744 11
-1.187 1.771 4.05 9
-1.063 1.206 3.955 11
-1.235 0.89 3.6 9
-1.762 0.536 2.844 10
-2.48 0.258 2.011 11
-3.035 0.038 1.388 9
-3.294 -0.172 1.015 10
-3.495 -0.44 0.967 10
-3.687 -0.632 1.005 10
-3.993 -0.746 1.043 10
-4.271 -0.861 0.948 10
-4.424 -1.053 1.043 10
-4.395 -1.216 1.254 11
-4.299 -1.149 1.81 9
-4.443 -1.177 2.403 10
-4.702 -1.312 3.016 10
-4.999 -0.9 4.05 10
-5.458 -0.306 5.401 10
-5.803 0.545 7.163 10
-6.215 1.8 9.165 10
-5.966 3.859 10.295 10
-5.209 6.952 10.898 10
-2.863 10.381 10.362 10
-1.244 13.283 9.251 10
-2.269 15.083 9.26 11
-5.315 14.183 10.783 9
-10.065 10.898 13.397 11
-14.958 7.326 16.73 9
-17.171 4.347 17.707 10
-18.205 2.547 16.021 10
-17.439 2.595 13.666 10
-14.872 4.194 11.405 10
-11.683 5.755 8.705 10
-9.03 5.995 5.899 10
-6.253 5.765 3.629 11
-4.012 5.477 2.489 9
-2.346 5.276 1.915 10
-1.331 5.114 1.34 10
-1.398 4.97 0.651 10
-1.695 4.73 0.383 10
-2.03 4.204 0.718 10
-2.403 3.926 1.685 10
-2.738 3.677 2.738 10
-3.045 3.208 3.706 10
-3.351 2.738 4.395 10
-3.323 2.269 4.635 10
-3.15 1.944 4.702 10
-2.758 1.695 4.29 10
-2.049 1.608 3.974 10
-1.091 1.896 3.754 10
-0.296 2.403 3.763 10
-0.181 3.083 4.06 10
-0.823 3.514 4.97 10
-2.595 3.715 6.703 10
-4.759 3.897 9.126 10
-6.617 3.974 11.042 10
-8.092 4.692 12.105 10
-7.881 6.129 12.124 10
-6.521 7.01 11.338 10
-4.893 8.054 10.773 10
-5.506 9.222 11.233 10
-8.427 8.628 11.664 10
-11.722 7.125 11.453 10
-14.508 5.679 11.166 10
-15.983 4.156 10.342 10
-16.385 2.777 9.069 10
-15.064 1.838 7.508 11
-13.034 1.905 6.291 9
-10.946 2.566 5.688 10
-9.05 2.911 5.209 11
-7.565 2.959 4.702 9
-6.387 2.882 4.548 10
-5.449 2.777 4.367 11
-5.257 2.643 4.003 9
-5.544 2.442 3.552 10
-5.832 2.346 3.112 10
-6.272 2.298 2.652 10
-6.483 2.231 2.231 10
-7.192 2.154 2.25 10
-7.422 1.877 2.834 11
-7.211 1.35 3.734 9
-6.56 0.794 4.558 10
-5.535 0.306 5.018 10
-4.75 0.057 5.343 10
-4.625 -0.22 5.391 10
-5.171 -0.411 5.334 10
-5.516 -0.268 4.941 11
-6.435 0.019 4.673 9
-7.393 -0.086 4.414 10
-7.881 -0.392 4.376 10
-8.36 -0.737 4.845 11
-9.26 -1.235 5.774 10
-10.611 -1.838 7.45 9
-12.047 -2.24 9.988 10
-13.043 -2.748 12.411 10
-13.781 -2.719 14.317 10
-13.685 -2.087 15.313 10
-13.053 -1.292 15.667 11
-12.354 -0.526 14.853 9
-11.52 0.871 12.334 10
-10.553 2.738 8.504 10
-9.251 5.334 4.328 10
-8.705 7.881 1.647 11
-10.208 8.963 1.704 9
-14.135 7.105 2.547 11
-17.946 4.319 5.851 9
-19.785 1.484 8.667 10
-19.287 -0.804 10.534 10
-16.27 -1.35 11.147 10
-11.54 -0.086 10.457 10
-7.785 1.561 9.299 10
-3.323 3.418 7.862 11
-0.785 4.97 7.699 9
0.957 6.062 8.216 11
0.794 6.521 8.992 10
-1.053 6.052 9.653 9
-3.256 5.276 10.103 10
-5.372 4.673 10.553 10
-7.249 4.185 10.687 11
-8.437 3.763 10.228 9
-9.011 3.667 9.174 10
-8.983 3.888 7.996 10
-8.331 4.012 6.837 10
-7.24 4.165 5.87 10
-6.378 4.299 5.477 10
-4.922 4.079 4.845 10
-4.558 3.849 4.989 10
-4.031 3.629 4.951 10
-3.667 3.399 4.769 10
-3.284 3.208 4.577 10
-2.873 3.035 4.405 10
-2.614 2.911 4.309 11
-2.643 2.968 4.022 9
-3.102 3.064 3.869 10
-3.294 3.122 3.294 10
-3.256 3.122 2.7 11
-2.968 3.035 2.183 9
-2.624 2.911 1.991 10
-2.432 2.911 2.317 10
-2.633 2.949 3.16 11
-3.332 3.275 3.897 9
-4.635 3.754 4.137 10
-5.046 4.635 3.744 10
-5.477 5.793 3.495 11
-5.803 6.856 4.261 10
-6.196 7.594 5.966 9
-7.077 8.006 8.159 10
-8.188 8.35 10.793 10
-8.303 9.011 12.986 10
-7.24 10.017 15.169 11
-5.018 11.53 17.343 10
-2.643 13.484 20.025 10
-2.47 14.183 22.735 10
-4.663 12.88 24.89 9
-7.173 10.371 25.33 10
-9.107 7.757 24.449 10
-9.586 6.167 22.486 10
-8.734 5.908 19.383 10
-7.077 6.349 15.935 11
-5.19 6.856 12.296 9
-3.734 7.211 9.366 10
-2.557 7.374 6.885 10
-1.886 7.23 4.999 10
-1.493 6.866 3.39 10
-1.331 6.378 2.298 10
-1.407 5.726 1.235 10
-1.714 5.094 0.603 10
-2.384 4.472 0.22 11
-3.208 3.696 0.067 10
-3.792 2.882 0.038 9
-3.878 1.685 -0.105 10
-4.06 0.679 -0.019 10
-4.185 -0.277 0.402 10
-4.232 -1.005 1.063 11
-4.28 -1.608 1.972 9
-4.319 -2.183 2.652 10
-4.654 -2.528 3.227 11
-5.008 -2.614 3.428 10
-5.181 -2.384 3.122 9
-5.066 -2.097 2.509 10
-4.769 -1.618 1.915 11
-4.28 -0.881 1.79 9
-3.801 0.105 2.432 10
-4.252 1.11 3.801 10
-5.975 2.001 5.755 10
-7.958 3.055 7.45 10
-9.816 5.257 9.423 10
-10.84 8.188 10.917 10
-11.98 11.549 11.903 10
-11.722 13.378 12.641 10
-11.741 13.704 13.311 10
-10.86 13.484 13.292 10
-9.854 13.397 12.919 10
-9.088 13.062 12.631 10
-8.293 12.497 11.654 10
-7.058 11.951 9.892 11
-5.19 11.386 7.575 9
-3.246 10.515 5.468 10
-1.599 9.27 4.098 10
0.019 7.948 3.265 10
1.522 7.153 2.844 10
2.585 6.588 2.595 10
2.873 6.09 2.499 10
2.796 5.602 2.557 11
2.681 5.324 2.892 9
2.451 5.056 3.313 10
1.848 5.018 3.888 10
1.254 4.826 4.367 10
1.177 4.213 4.817 10
1.34 3.687 5.046 11
1.628 3.208 5.544 9
2.087 2.777 5.937 12
2.624 2.624 6.205 8
3.064 2.777 6.042 10
3.122 3.208 5.286 10
2.815 3.715 4.319 10
2.26 4.185 3.773 10
1.426 4.797 3.878 10
0.497 5.621 5.295 10
-0.699 6.789 7.115 10
-2.853 7.872 8.35 11
-5.774 9.126 10.448 10
-7.402 11.951 13.053 9
-6.464 15.495 14.796 10
-4.175 18.167 15.073 10
-1.493 19.891 16.031 10
0.067 19.996 18.646 10
-0.814 17.266 20.379 10
-1.944 13.254 20.781 11
-1.991 10.678 20.618 9
-1.867 8.868 19.249 10
-1.934 7.584 16.558 10
-2.126 6.426 12.804 11
-2.643 5.65 9.299 9
-3.275 4.912 5.995 11
-3.361 4.003 3.447 9
-2.834 2.796 1.168 10
-2.202 1.742 -0.086 10
-1.618 0.526 -0.689 10
-1.465 -0.718 -0.881 10
-1.493 -1.886 -0.766 10
-1.877 -2.585 -0.248 10
-2.451 -3.026 0.325 10
-3.141 -3.294 0.842 10
-4.003 -3.38 1.321 10
-4.625 -3.351 1.896 10
-5.018 -3.371 2.164 10
-5.008 -3.246 2.365 10
-4.443 -3.083 2.145 11
-3.763 -2.94 1.513 9
-3.351 -2.806 0.775 11
-3.39 -2.633 0.038 9
-3.677 -2.585 -0.363 11
-4.041 -2.394 -0.268 9
-4.424 -2.135 0.746 10
-4.769 -1.742 2.968 10
-5.152 -0.833 5.43 10
-5.583 0.459 8.063 10
-7.163 2.097 11.156 10
-7.393 4.616 13.101 10
-7.383 8.58 13.551 11
-5.87 14.087 13.397 10
-5.094 18.655 14.796 10
-4.319 19.555 16.903 9
-5.573 17.381 19.536 10
-7.805 14.968 21.423 10
-10.534 13.101 22.227 10
-12.382 11.99 20.954 11
-12.957 11.54 18.31 9
-11.846 11.099 14.508 11
-10.208 10.304 10.994 9
-8.571 8.916 7.603 10
-6.933 7.68 4.989 10
-5.046 6.722 3.112 10
-3.294 6.052 1.915 10
-1.436 5.477 1.139 10
-0.057 4.951 1.177 11
1.474 4.596 1.513 10
2.528 4.424 2.049 9
3.035 4.405 2.432 11
3.035 4.462 3.074 9
2.652 4.491 4.003 10
2.614 4.443 4.472 10
2.844 4.539 4.587 10
3.284 4.711 4.654 10
3.83 4.932 4.865 10
4.165 5.228 5.123 11
3.907 5.468 5.363 9
3.15 5.554 5.832 10
2.298 5.861 7.029 11
0.526 6.493 9.107 9
-1.924 6.646 11.224 10
-4.75 6.512 13.819 10
-6.531 6.167 16.175 10
-6.531 6.809 18.167 10
-5.152 8.992 19.048 10
-3.447 11.137 17.803 11
-2.691 13.819 15.389 9
-2.815 15.725 14.288 10
-4.807 14.192 13.962 11
-7.0 11.176 13.464 9
-7.22 9.346 13.34 10
-6.291 8.015 13.215 10
-6.301 6.722 12.564 10
-5.822 5.41 10.668 10
-5.449 4.616 8.523 10
-4.922 4.06 6.129 10
-4.692 3.399 3.926 10
-4.702 2.643 2.327 10
-4.75 1.752 1.532 11
-4.663 0.785 1.666 9
-4.299 -0.363 2.355 10
-4.041 -1.254 3.169 10
-3.916 -1.924 3.821 10
-3.869 -2.231 4.041 11
-4.127 -2.193 3.983 9
-4.52 -1.972 3.543 11
-4.797 -1.58 2.873 9
-5.114 -1.149 2.154 10
-5.2 -0.814 1.417 11
-4.96 -0.852 0.938 9
-4.51 -1.149 0.651 11
-4.175 -1.541 0.718 9
-4.367 -1.752 0.948 10
-4.807 -1.618 1.225 11
-5.219 -1.11 2.02 9
-5.573 -0.373 3.38 11
-6.004 0.766 5.966 9
-6.885 1.934 9.097 10
-8.169 3.112 13.263 11
-8.169 4.769 17.372 9
-8.044 7.297 20.034 10
-7.987 9.787 18.828 10
-7.115 13.503 16.203 10
-3.916 17.075 14.911 10
-2.499 18.646 14.508 10
-3.083 16.903 14.135 10
-4.769 14.566 13.704 10
-5.861 12.641 12.995 11
-6.129 10.994 11.434 9
-5.659 9.806 8.877 10
-4.759 8.772 6.426 11
-3.859 7.307 4.654 10
-3.514 5.707 4.539 10
-3.351 4.185 5.525 10
-3.208 3.102 6.368 9
-3.313 2.557 6.435 11
-3.495 2.604 5.899 9
-3.476 2.968 5.037 11
-3.179 3.399 4.108 9
-2.719 3.859 3.102 11
-2.001 4.165 2.327 10
-1.302 4.309 1.829 9
-0.086 4.146 1.752 10
0.833 4.05 1.905 10
1.608 4.204 2.145 11
2.518 4.491 2.145 9
3.15 4.979 1.848 10
3.62 5.64 1.369 11
3.744 6.062 1.177 9
3.677 6.358 2.078 10
3.438 6.713 3.916 11
2.499 6.981 5.889 10
0.852 7.192 7.335 9
-1.436 7.517 9.069 10
-3.15 7.872 10.994 10
-4.118 8.753 12.919 10
-3.189 10.898 15.121 11
-1.091 14.355 16.807 9
1.168 17.63 17.113 10
1.944 19.862 17.295 10
-0.057 20.456 19.249 10
-3.859 16.414 20.005 10
-7.115 12.373 20.226 10
-6.761 10.256 19.661 10
-5.784 9.088 17.937 10
-4.865 7.939 15.073 10
-4.434 6.876 11.233 10
-4.434 6.349 7.833 10
-4.663 5.822 4.74 10
-4.817 4.922 2.164 10
-4.098 3.629 -0.172 11
-3.131 2.537 -1.493 9
-2.288 1.292 -2.164 10
-2.068 -0.153 -2.585 11
-2.547 -1.369 -2.384 10
-2.767 -2.317 -1.867 9
-3.371 -2.949 -1.331 10
-3.849 -3.169 -0.517 10
-4.539 -3.342 0.363 10
-5.276 -3.514 1.034 10
-6.129 -3.581 1.244 10
-6.818 -3.543 1.417 10
-6.742 -3.466 1.12 10
-6.042 -3.236 0.565 10
-5.276 -3.15 -0.153 10
-4.587 -3.15 -0.766 10
-4.232 -2.93 -0.622 11
-4.319 -2.164 0.66 9
-4.127 -0.756 2.604 10
-5.027 1.206 4.443 11
-7.891 3.438 6.904 10
-10.716 5.717 10.649 9
-11.808 8.389 13.943 10
-11.118 11.722 16.385 10
-8.944 14.844 15.705 10
-5.621 19.383 12.966 11
-2.566 22.898 11.674 9
-3.505 21.442 11.07 10
-6.703 17.985 11.654 10
-9.232 14.815 12.172 10
-10.342 12.057 11.425 10
-11.022 9.844 9.931 10
-10.678 8.523 8.37 10
-9.433 7.479 6.837 10
-8.101 6.684 5.621 10
-6.655 6.023 4.721 10
-5.142 5.506 3.888 10
-3.648 5.248 3.055 11
-2.24 4.932 2.576 10
-1.359 4.74 2.097 9
0.114 4.357 1.905 10
0.785 4.309 2.221 10
1.024 4.108 2.71 11
1.005 3.888 2.997 10
0.699 3.926 3.265 9
0.124 4.271 3.572 10
-0.478 4.797 3.964 10
-0.22 5.2 4.118 10
0.047 5.468 4.079 10
0.392 5.564 3.859 10
0.976 5.679 3.591 10
1.292 6.119 3.399 10
1.608 6.713 3.677 10
1.637 7.259 4.606 10
1.187 7.69 6.368 10
0.421 8.121 8.379 11
-1.168 8.868 10.946 9
-3.083 9.71 13.292 10
-5.027 10.869 15.006 10
-5.114 12.804 15.61 10
-3.495 15.342 15.725 10
-0.957 18.579 15.169 10
1.101 21.088 14.451 10
0.632 19.776 13.713 10
-2.097 15.524 13.417 10
-3.543 13.101 14.346 10
-4.242 11.166 14.298 10
-4.932 9.05 12.995 10
-5.564 7.038 10.917 10
-6.263 5.707 8.676 10
-6.761 4.539 6.569 10
-6.56 3.246 4.232 10
-5.784 2.25 2.394 10
-4.788 1.541 0.9 11
-4.328 0.957 -0.009 10
-3.725 -0.038 -0.67 9
-3.754 -0.67 -0.89 10
-3.418 -1.11 -0.44 10
-3.505 -1.455 0.143 10
-3.62 -1.838 0.746 10
-3.801 -2.02 1.158 10
-4.204 -2.03 1.58 10
-4.74 -2.116 1.915 10
-4.999 -2.432 2.327 10
-4.797 -2.576 2.671 10
-4.376 -2.7 2.834 10
-4.041 -2.738 2.786 10
-4.031 -2.499 2.413 10
-4.405 -1.944 2.106 10
-4.893 -1.158 2.001 10
-5.525 -0.287 2.777 10
-5.966 0.871 4.721 10
-7.182 2.365 7.603 10
-9.232 4.232 11.501 10
-10.907 5.353 15.887 10
-12.957 6.282 19.776 10
-12.421 7.69 20.915 11
-9.615 10.639 18.636 9
-6.464 15.102 13.972 10
-0.737 20.819 8.331 10
0.478 22.122 4.529 10
-1.264 20.015 4.232 11
-3.552 16.998 5.64 9
-6.33 14.269 8.245 10
-8.475 10.85 9.203 11
-9.806 8.216 9.921 9
-9.777 6.387 10.074 10
-9.107 5.391 9.461 11
-8.188 4.912 8.437 10
-7.048 4.52 7.297 9
-5.908 4.175 6.177 10
-3.667 3.859 5.248 11
-2.183 3.744 4.711 10
-0.555 3.696 4.108 9
0.632 3.725 3.6 10
1.426 3.801 3.045 11
1.924 3.792 2.585 9
2.03 3.84 2.327 11
2.173 4.204 2.001 9
2.394 4.836 1.58 11
2.336 5.573 1.532 9
2.269 5.985 2.336 10
2.183 6.11 3.418 10
1.771 6.224 4.453 11
1.063 6.196 5.324 9
0.248 6.177 5.995 10
-1.13 6.464 6.876 10
-2.547 7.192 8.35 10
-3.543 8.101 9.691 10
-5.181 9.414 11.683 10
-5.669 10.208 13.503 10
-5.899 10.419 15.562 10
-6.033 10.773 17.678 10
-5.066 11.693 19.412 10
-4.194 12.919 20.053 10
-3.131 14.566 19.086 14
-1.331 16.692 17.113 6
-0.028 17.899 14.662 10
-1.426 15.543 12.315 10
-3.418 12.162 11.022 10
-4.778 10.314 10.342 10
-4.711 8.81 8.82 11
-4.663 7.757 6.981 9
-4.319 7.01 4.999 11
-3.801 6.177 2.959 10
-3.15 4.97 0.785 9
-2.509 3.811 -0.497 10
-1.819 2.47 -1.13 10
-1.685 1.091 -1.283 11
-2.02 -0.191 -1.082 10
-2.26 -1.206 -0.593 10
-2.815 -2.097 0.028 10
-3.447 -2.767 0.593 9
-4.395 -3.284 1.283 10
-5.468 -3.533 1.81 10
-6.282 -3.648 2.068 11
-6.761 -3.754 1.963 9
-6.694 -3.936 1.829 10
-5.985 -3.821 1.503 10
-5.334 -3.418 1.216 10
-4.999 -3.016 1.043 10
-4.855 -2.566 0.976 10
-4.769 -1.781 1.168 10
-5.056 -0.89 1.762 10
-5.813 0.114 2.987 11
-6.981 1.158 4.386 9
-8.159 2.442 6.569 11
-9.059 3.993 9.279 10
-9.002 6.799 11.98 9
-8.513 10.591 13.704 10
-6.722 14.7 13.043 10
-5.248 18.665 11.233 10
-3.332 21.739 10.055 10
-3.227 21.557 9.749 10
-5.506 18.789 11.386 10
-8.303 15.207 13.637 10
-10.486 11.549 15.447 10
-11.52 8.734 16.031 10
-11.329 6.924 14.882 11
-10.113 6.138 12.612 9
-8.111 6.062 9.806 10
-6.349 5.679 7.546 10
-5.027 4.797 5.899 10
-4.012 4.204 5.161 10
-3.284 4.271 5.027 10
-2.576 4.395 4.807 10
-1.915 4.481 4.577 10
-1.177 4.51 4.386 10
-0.708 4.462 4.405 10
-0.373 4.376 4.625 10
-0.191 4.28 5.008 10
0.0 4.127 5.42 10
0.335 4.06 5.544 10
1.091 4.079 5.506 10
2.231 3.955 5.152 11
2.806 3.888 4.817 10
3.428 3.821 4.367 9
3.658 3.821 4.367 10
4.127 3.715 4.472 10
3.572 3.83 5.372 11
2.834 3.974 6.339 9
1.398 4.146 7.163 10
-0.277 4.319 7.996 10
-2.279 4.338 9.04 10
-4.893 4.28 10.639 10
-6.502 4.539 12.804 11
-7.125 6.11 15.198 9
-6.387 9.308 16.51 11
-5.631 12.555 15.658 9
-3.485 15.715 12.966 10
-1.091 18.253 11.233 10
-1.647 16.864 10.457 10
-3.648 13.589 11.99 11
-4.979 11.022 14.47 9
-5.832 8.743 16.012 10
-6.253 6.885 16.194 10
-6.368 5.583 15.121 11
-6.406 4.96 13.464 10
-5.928 4.376 11.31 10
-5.161 3.792 9.155 9
-4.05 3.141 6.895 10
-2.882 2.643 5.008 10
-1.762 2.25 3.39 10
-0.919 1.771 2.221 10
-1.024 1.321 1.407 10
-1.063 0.746 1.082 10
-1.695 0.239 1.312 11
-2.183 -0.344 1.781 9
-2.71 -0.756 2.48 10
-3.256 -0.995 2.94 10
-4.031 -1.149 3.294 10
-4.769 -1.235 3.399 10
-5.439 -1.283 3.447 10
-5.669 -1.474 3.447 10
-5.612 -1.589 3.236 11
-5.228 -1.599 3.016 9
-4.96 -1.637 2.853 10
-5.008 -1.637 2.738 10
-5.046 -1.34 2.719 10
-5.037 -0.67 2.853 10
-5.219 0.143 3.074 10
-5.784 0.909 3.658 10
-6.54 1.647 5.707 10
-7.584 2.518 8.887 10
-8.542 4.395 12.995 10
-8.81 7.086 15.763 10
-9.739 9.844 15.686 10
-8.887 12.574 13.34 10
-7.402 15.591 11.166 11
-6.416 17.266 9.864 10
-6.157 16.836 9.825 10
-6.809 14.556 10.591 9
-7.987 11.453 11.224 10
-8.456 8.571 11.291 10
-8.619 6.789 10.62 10
-8.638 5.554 9.576 10
-8.734 4.97 9.959 10
-8.542 4.721 11.032 10
-8.475 4.625 11.377 10
-8.121 4.577 10.342 10
-7.307 4.932 8.724 10
-5.42 5.573 6.77 11
-3.189 6.119 4.97 9
-1.043 6.368 3.629 11
0.708 6.253 2.681 9
1.733 6.023 2.432 10
2.499 5.841 2.509 10
2.624 5.679 2.691 10
2.461 5.391 2.633 11
2.509 4.989 2.633 9
2.509 4.683 2.729 10
2.461 4.367 2.758 10
2.461 4.118 2.93 10
2.489 4.003 3.323 10
2.547 4.079 3.648 10
2.24 4.06 3.955 10
1.57 3.983 4.501 11
0.565 3.983 5.286 9
-0.66 4.309 6.483 11
-1.982 4.884 7.824 9
-2.997 5.487 9.327 10
-4.558 5.956 11.147 10
-4.367 7.144 12.852 10
-3.284 9.586 13.618 11
-1.704 13.139 12.966 9
0.248 16.366 11.156 10
1.331 19.258 10.726 10
-0.536 19.134 11.099 10
-3.256 15.648 11.798 10
-4.692 12.804 12.708 10
-5.564 10.611 13.321 10
-6.464 8.772 13.283 10
-6.378 7.326 12.267 10
-5.631 6.646 10.668 10
-4.587 6.406 8.475 11
-3.897 6.11 6.406 9
-3.61 5.487 4.443 10
-3.303 4.711 3.026 10
-3.007 4.156 2.145 10
-1.857 3.131 1.465 11
-1.369 2.48 0.967 9
-0.689 1.752 0.766 10
-0.67 0.995 0.957 11
-0.948 0.363 1.781 9
-1.455 -0.134 2.863 10
-2.183 -0.565 3.715 10
-3.208 -0.861 4.386 10
-4.405 -1.072 4.912 10
-5.468 -1.206 5.2 10
-6.33 -1.139 5.2 10
-6.607 -1.072 4.807 10
-6.646 -0.967 4.213 11
-6.378 -0.909 3.552 9
-5.995 -0.881 2.7 11
-5.458 -0.641 2.001 9
-5.257 -0.287 1.733 10
-5.525 0.086 2.001 10
-6.167 0.44 2.863 10
-7.144 0.507 3.974 11
-8.341 0.545 5.65 10
-9.174 0.861 7.623 9
-9.921 1.426 9.337 10
-10.611 2.355 10.457 10
-10.065 4.319 10.534 10
-8.829 7.134 9.548 10
-7.297 10.831 8.331 10
-6.253 13.809 7.69 10
-7.249 14.192 8.628 10
-10.208 11.367 10.917 10
-13.599 7.259 14.183 10
-16.357 3.869 17.918 10
-16.452 1.455 20.254 10
-15.294 0.957 20.705 10
-13.062 2.164 19.9 10
-10.572 3.907 18.071 10
-8.331 5.219 15.351 10
-6.234 5.947 12.679 11
-4.223 6.435 10.266 10
-2.853 6.55 8.35 9
-2.422 6.32 6.971 10
-2.518 5.908 5.87 10
-2.834 5.401 5.142 11
-3.093 4.893 4.587 9
-3.102 4.414 4.079 10
-2.959 3.859 3.61 11
-2.834 3.409 3.332 9
-2.288 2.863 2.901 10
-2.154 2.461 2.738 10
-1.733 2.049 2.681 10
-1.139 1.628 2.518 10
-0.794 1.465 2.451 11
-0.057 1.541 2.547 10
-0.114 1.829 2.815 10
-0.43 1.944 3.112 10
-0.785 1.905 3.687 9
-1.11 1.8 4.702 10
-1.426 1.762 6.11 10
-1.877 2.068 7.623 10
-2.671 2.576 8.858 11
-3.361 3.323 9.73 9
-3.39 4.635 10.381 11
-3.591 6.483 10.716 9
-2.355 8.59 9.643 10
-1.561 11.425 8.389 10
-1.877 14.365 8.322 11
-3.572 14.068 9.232 10
-6.646 11.99 10.994 9
-8.762 9.672 13.369 10
-10.917 6.856 15.993 10
-11.779 4.328 18.55 10
-11.224 2.892 19.565 10
-9.94 2.25 18.569 11
-8.523 2.298 16.472 9
-7.173 2.719 13.838 10
-5.87 3.016 11.281 10
-4.204 3.131 8.599 10
-2.451 3.361 6.397 10
-0.938 3.591 4.692 10
-0.354 3.629 3.667 10
-0.392 3.409 3.16 10
-0.881 3.141 3.083 10
-1.13 2.681 3.16 10
-1.57 2.375 3.256 10
-1.896 2.145 3.323 10
-2.193 2.03 3.284 10
-2.346 1.896 3.141 10
-2.528 1.771 2.93 10
-2.786 1.685 2.681 10
-3.275 1.752 2.413 11
-3.754 1.81 2.154 9
-4.022 1.79 2.059 10
-4.098 1.848 2.011 10
-4.127 1.934 1.972 10
-4.414 1.991 2.059 10
-4.797 2.049 2.24 10
-5.544 2.03 2.834 10
-6.617 1.752 3.878 10
-7.872 1.35 5.468 11
-9.26 1.197 7.603 9
-10.697 0.995 9.624 10
-11.674 0.641 11.396 11
-11.693 1.158 12.162 9
-10.362 2.987 12.143 10
-8.504 4.807 12.018 11
-7.316 5.832 12.277 9
-7.134 5.822 12.334 10
-7.431 6.177 12.325 11
-7.785 7.498 12.852 10
-9.279 8.542 13.867 9
-11.626 8.054 14.729 10
-13.915 6.789 15.054 11
-15.246 5.544 14.882 9
-14.709 4.577 13.589 11
-12.555 4.472 11.75 9
-9.404 4.932 9.825 10
-6.665 5.564 8.341 10
-4.52 6.272 7.374 10
-3.217 6.837 7.058 11
-2.719 7.259 7.383 10
-2.767 7.268 8.073 9
-3.169 7.115 8.906 10
-3.667 6.856 9.797 11
-4.28 6.387 10.678 9
-4.692 5.937 11.386 11
-5.2 5.65 11.99 9
-5.573 5.41 12.105 10
-5.612 5.267 11.53 10
-5.094 5.286 10.429 10
-4.204 5.401 8.877 10
-3.581 5.458 7.479 10
-3.208 5.583 6.196 10
-2.911 5.64 5.19 11
-2.729 5.41 4.663 9
-2.624 4.979 4.568 10
-2.537 4.577 5.056 10
-2.308 4.194 5.803 10
-2.24 3.907 6.435 10
-2.327 3.782 6.885 10
-2.691 3.993 7.029 10
-3.074 4.213 6.579 10
-3.256 4.568 5.793 10
-3.055 5.094 4.903 10
-2.509 5.516 4.185 11
-2.135 5.918 3.792 11
-2.173 6.004 3.591 8
-2.662 5.774 3.342 10
-3.112 5.592 3.447 10
-3.505 5.726 3.859 10
-3.897 5.985 4.491 10
-4.663 6.358 5.525 10
-4.951 6.789 6.464 10
-4.797 7.374 7.23 10
-4.137 8.015 7.948 10
-2.777 8.848 8.791 10
-1.35 9.366 9.624 10
0.095 9.586 10.505 10
1.177 9.662 11.683 10
1.819 9.308 12.89 10
1.81 8.35 13.819 11
1.589 7.22 14.211 10
1.34 6.291 14.001 9
0.948 5.698 12.775 10
0.603 5.353 10.802 10
0.775 5.506 9.069 10
0.708 5.621 7.671 10
0.833 5.41 6.924 10
1.388 4.845 6.77 10
2.106 4.386 6.914 10
2.719 3.945 6.588 10
3.399 3.773 6.138 10
4.118 3.926 5.784 10
4.089 4.156 5.669 11
4.654 4.261 5.075 9
3.801 4.156 5.209 10
3.007 3.83 5.564 10
2.394 3.332 6.014 10
1.886 2.758 6.301 10
1.484 2.375 6.435 10
1.225 2.049 6.224 10
1.015 1.915 6.023 10
0.545 1.848 5.88 10
-0.248 2.068 5.889 10
-1.618 2.308 5.928 10
-2.873 2.355 6.071 10
-3.696 2.26 6.186 10
-3.974 1.953 6.445 10
-3.763 1.493 6.876 10
-2.968 1.369 7.364 11
-2.633 1.446 8.274 10
-2.365 1.532 8.667 9
-2.518 1.685 9.04 10
-2.901 1.905 9.5 10
-3.524 2.279 10.046 10
-4.213 2.652 10.457 11
-4.156 3.035 10.611 10
-2.882 3.782 10.754 9
-1.101 4.778 10.898 10
0.45 5.861 11.185 10
1.139 6.55 11.722 10
0.948 6.483 12.306 10
0.009 5.861 12.89 10
-1.197 5.372 13.934 10
-2.25 5.2 14.642 10
-3.026 5.056 14.336 10
-3.562 5.248 13.206 10
-3.572 5.765 11.789 10
-3.074 6.244 10.563 10
-2.25 6.55 9.318 10
-1.292 6.502 8.485 10
-0.316 6.129 8.111 10
0.402 5.631 8.14 10
0.986 5.181 8.379 10
1.407 4.826 8.552 10
1.704 4.491 8.523 10
1.637 4.261 8.13 10
1.388 4.587 7.671 10
0.718 4.462 6.646 10
0.114 4.338 5.774 10
-0.555 4.462 5.094 10
-0.392 4.817 4.587 10
-0.268 4.979 4.242 10
-0.229 4.836 4.52 10
0.325 4.462 4.721 11
0.948 4.28 5.027 9
1.407 4.357 5.315 10
1.628 4.721 5.382 10
1.647 5.161 5.497 10
1.407 5.669 6.081 10
1.388 6.33 7.0 11
1.752 7.249 7.996 10
2.298 8.494 9.193 9
2.547 9.385 9.998 10
2.308 10.065 11.07 10
1.302 10.544 12.641 10
-0.019 10.122 13.991 10
-3.313 9.279 14.93 10
-4.625 8.159 14.575 11
-4.769 7.91 13.876 9
-3.849 8.331 12.794 10
-2.652 8.609 11.607 10
-1.704 8.379 10.256 10
-1.35 7.69 9.136 10
-1.177 6.78 8.169 10
-1.13 5.861 7.422 10
-1.177 4.654 6.809 10
-1.532 3.39 6.569 10
-1.924 2.183 6.54 10
-2.039 1.216 6.32 10
-2.039 0.383 5.908 10
-2.116 -0.086 5.612 10
-2.557 -0.45 5.276 10
-3.208 -0.383 4.979 10
-3.936 -0.028 4.778 10
-4.347 0.325 4.434 11
-4.52 0.507 4.213 9
-4.481 0.526 3.983 10
-4.596 0.469 3.667 10
-4.865 0.373 3.246 10
-5.066 0.296 2.806 10
-5.046 0.383 2.949 10
-4.912 0.804 3.533 10
-5.286 1.168 4.97 10
-5.995 1.216 6.742 11
-6.483 1.12 9.27 10
-6.732 1.101 11.999 9
-6.828 1.34 14.719 10
-7.24 2.068 16.452 10
-7.374 3.715 17.085 10
-6.368 6.483 17.142 10
-4.453 9.414 17.448 10
-3.457 11.08 18.061 11
-4.405 10.591 18.684 10
-6.684 8.599 19.632 9
-8.887 6.77 20.561 10
-10.496 5.602 19.871 10
-11.903 4.941 17.075 10
-12.124 5.104 13.388 10
-10.611 6.378 9.375 10
-8.188 7.68 6.177 11
-6.052 7.987 3.38 9
-4.711 7.268 1.493 10
-3.438 6.301 0.785 10
-2.442 5.363 1.024 10
-1.58 4.501 1.896 10
-0.948 3.84 2.748 10
-0.392 3.428 3.514 10
0.076 3.39 4.118 10
0.574 3.495 4.089 10
0.785 3.61 4.022 10
0.909 3.667 3.849 10
1.101 3.677 3.811 10
1.493 3.782 3.706 10
2.097 4.079 3.533 10
2.557 4.252 3.227 10
2.911 4.347 2.892 10
3.083 4.453 2.557 10
3.217 4.606 2.451 11
2.901 4.912 3.102 9
1.752 5.669 4.673 11
0.459 6.483 6.493 9
-0.928 7.163 8.695 10
-2.394 7.757 10.984 10
-2.796 8.686 13.474 10
-2.336 9.844 15.619 10
-2.059 10.936 17.094 11
-2.087 11.951 18.148 9
-3.007 12.363 19.373 10
-4.683 11.348 20.12 10
-6.416 8.868 19.776 10
-6.761 6.809 18.828 10
-5.784 5.918 17.468 10
-4.568 5.851 15.725 10
-3.859 5.707 13.417 10
-3.409 5.497 10.955 10
-2.662 5.468 8.475 10
-1.991 5.315 6.33 10
-1.58 4.702 4.462 10
-1.57 3.725 3.169 11
-1.723 2.719 2.585 10
-1.838 1.752 2.317 9
-2.011 0.9 2.317 10
-2.202 0.162 2.47 10
-2.308 -0.287 2.806 10
-2.173 -0.66 3.131 11
-2.221 -0.861 3.466 9
-2.442 -1.005 4.012 10
-2.681 -1.091 4.29 10
-2.863 -1.264 4.548 10
-2.901 -1.455 4.807 10
-2.968 -1.714 5.085 11
-3.026 -2.011 5.181 9
-3.371 -2.317 5.075 10
-3.648 -2.585 4.97 10
-3.639 -2.643 4.702 11
-3.562 -2.451 4.501 9
-3.734 -2.087 4.29 10
-4.319 -1.752 4.635 10
-4.778 -1.12 5.659 10
-5.305 -0.679 7.469 11
-5.861 -0.248 10.726 9
-6.358 0.756 14.508 10
-7.422 2.576 17.937 10
-8.925 4.156 19.249 10
-9.634 6.291 17.793 10
-7.058 9.586 14.997 10
-3.227 13.378 12.469 10
-0.861 14.7 11.53 10
-1.187 13.464 12.306 10
-2.403 11.568 13.512 10
-3.179 10.065 13.915 10
-3.189 9.04 13.168 10
-2.691 8.561 11.54 10
-2.116 8.178 9.299 11
-1.484 7.718 7.23 9
-0.967 7.086 5.525 11
-0.469 6.387 4.548 9
0.019 5.631 4.118 10
0.191 4.96 4.319 10
0.248 4.29 4.644 10
0.306 3.744 4.989 10
0.287 3.409 5.276 10
0.325 3.256 5.324 10
0.296 3.38 4.999 10
0.584 3.667 4.347 10
1.13 4.108 3.61 11
1.628 4.625 3.112 10
2.202 5.008 2.786 9
2.681 5.027 2.614 11
3.313 4.96 2.633 10
3.351 5.104 3.342 9
3.294 5.631 3.955 11
2.719 6.358 4.175 9
1.8 7.134 4.52 10
1.149 8.121 5.774 10
0.66 9.26 7.747 10
0.181 10.103 10.4 10
-0.497 10.869 13.666 11
-1.197 12.267 16.462 9
-0.383 14.47 18.004 10
0.038 16.95 18.301 10
0.938 18.875 18.492 10
-0.019 19.258 21.461 10
-2.729 14.891 23.807 10
-7.067 9.366 25.416 11
-6.742 6.004 25.187 9
-5.612 4.74 23.635 10
-4.06 4.836 21.174 10
-2.681 4.903 17.63 10
-2.049 4.769 14.039 10
-1.877 4.539 10.333 10
-1.905 4.165 7.144 10
-2.039 3.562 4.213 10
-2.039 2.853 2.001 10
-1.924 2.126 0.287 10
-1.79 1.57 -0.622 10
-1.781 0.842 -1.063 10
-2.164 -0.086 -1.656 10
-2.681 -0.794 -1.474 10
-2.997 -1.369 -0.909 11
-3.629 -1.838 -0.335 9
-4.367 -2.202 0.239 10
-5.209 -2.604 0.718 10
-5.813 -3.093 1.072 10
-6.062 -3.524 1.177 10
-5.937 -3.869 1.177 11
-5.516 -4.098 1.13 9
-5.209 -4.29 0.948 10
-4.979 -4.319 0.842 10
-4.788 -4.012 0.89 11
-4.606 -3.543 1.417 9
-4.692 -2.949 2.48 10
-4.855 -2.059 3.993 11
-5.43 -0.919 6.167 9
-5.956 0.344 8.054 10
-6.502 2.336 10.189 10
-6.416 5.363 12.133 11
-6.129 9.979 12.497 10
-4.836 14.393 11.607 9
-2.26 18.119 11.425 10
-0.881 18.751 11.511 10
-1.838 16.424 13.225 10
-3.208 13.915 15.753 11
-5.123 11.109 18.205 9
-6.77 8.667 18.76 10
-7.805 7.096 18.033 11
-7.623 6.291 16.357 9
-6.291 6.253 13.934 10
-4.539 6.215 11.195 10
-3.035 5.707 8.389 10
-2.126 4.884 6.445 10
-1.455 3.869 5.181 10
-0.995 3.131 4.778 10
-0.699 2.595 4.797 10
-0.785 2.47 5.573 10
-0.9 3.15 6.11 10
-1.417 4.252 5.679 10
-2.231 4.951 4.73 10
-2.806 5.343 4.453 11
-2.71 5.343 4.989 10
-2.269 4.826 6.263 9
-1.35 4.357 8.638 10
0.306 4.702 10.4 10
2.796 6.349 11.674 10
4.778 7.9 11.061 10
5.612 9.184 9.165 10
6.014 10.601 7.479 10
6.617 11.224 7.987 10
6.694 10.553 9.979 11
5.937 9.653 12.526 10
4.338 8.801 15.447 9
2.145 8.753 18.081 10
0.162 9.615 19.766 10
-0.201 11.894 19.747 10
-0.44 14.633 17.592 10
-1.465 17.266 16.414 10
-5.267 17.152 17.64 10
-11.338 12.756 18.31 10
-14.652 8.322 18.693 10
-14.786 6.004 18.128 11
-12.382 5.343 16.156 9
-9.471 5.363 13.464 10
-7.182 4.884 9.931 11
-5.544 4.52 6.56 10
-4.434 4.434 3.275 9
-4.242 4.165 0.823 10
-3.055 3.313 -0.727 11
-3.361 2.413 -0.766 9
-3.514 1.197 0.019 10
-3.677 -0.316 0.651 10
-3.792 -1.771 1.628 10
-3.514 -2.767 2.595 10
-3.38 -3.476 3.62 10
-3.543 -3.859 4.491 10
-4.022 -4.012 4.788 11
-4.146 -3.888 4.721 9
-3.983 -3.83 4.165 10
-3.61 -3.888 3.332 10
-3.16 -4.501 2.825 10
-2.528 -5.161 2.987 11
-1.819 -5.544 2.987 9
-1.57 -5.793 2.815 10
-1.829 -5.573 2.585 10
-2.528 -4.922 2.566 11
-3.026 -4.012 3.227 9
-3.026 -2.815 4.759 10
-3.083 -1.513 6.732 10
-3.629 -0.402 9.385 10
-4.414 1.541 11.798 10
-5.19 5.612 13.608 10
-5.736 10.754 13.034 11
-4.587 16.663 12.095 9
-3.294 20.887 11.836 10
-3.524 21.222 11.683 11
-5.104 19.622 12.928 9
-6.684 16.452 14.614 10
-8.523 13.139 15.418 10
-8.082 10.783 15.61 10
-6.435 10.285 15.102 11
-4.347 10.007 13.455 10
-2.978 9.059 11.396 10
-1.599 7.335 10.256 10
-0.172 5.707 10.86 10
1.043 4.52 11.568 9
1.57 3.792 11.798 10
1.8 3.562 11.473 10
0.814 4.721 10.515 10
-1.005 7.623 7.335 10
-5.861 12.727 1.877 10
-7.086 12.995 0.047 11
-4.405 10.39 0.009 9
0.517 8.025 1.599 10
5.861 5.908 4.185 10
8.906 5.085 7.259 10
9.653 5.583 9.816 10
8.983 5.592 10.534 10
7.776 5.181 9.787 11
6.311 5.018 8.705 9
4.175 5.41 7.565 10
3.371 5.698 6.426 10
3.332 5.908 5.123 11
3.409 6.052 4.223 9
2.94 6.32 4.204 10
1.963 6.579 4.52 10
0.833 7.029 6.09 11
0.392 8.149 8.552 9
-0.124 9.768 12.449 10
-0.89 11.434 16.27 11
-1.177 13.637 18.866 9
-1.896 15.878 19.756 10
-2.719 16.481 19.9 10
-3.351 13.828 17.985 10
-4.932 10.582 17.515 10
-5.114 8.695 17.803 10
-6.186 6.981 17.946 10
-6.665 5.315 16.979 10
-5.937 3.725 14.46 10
-4.702 2.834 11.722 10
-3.696 2.25 9.05 10
-2.911 1.599 6.828 10
-1.714 1.034 4.635 10
-0.785 0.488 3.083 11
-0.191 -0.105 1.503 9
0.162 -0.881 0.766 10
0.134 -1.618 0.191 11
-0.45 -2.193 0.076 9
-1.474 -2.384 0.44 11
-2.968 -2.528 0.9 10
-4.405 -2.729 1.168 9
-5.544 -2.93 1.053 10
-6.272 -3.141 0.9 10
-6.598 -3.476 0.612 11
-6.531 -3.715 0.392 10
-6.177 -3.696 0.497 9
-5.535 -3.591 0.948 10
-4.836 -3.256 1.685 10
-4.587 -2.566 2.815 10
-4.424 -1.197 4.29 10
-4.472 0.603 6.368 10
-5.267 2.422 8.178 10
-6.397 4.022 9.222 10
-7.029 7.086 8.82 10
-7.163 11.118 7.153 10
-5.774 14.767 6.78 10
-5.19 15.773 8.178 10
-5.784 13.982 10.754 10
-6.694 12.469 14.642 10
-9.356 11.003 19.594 10
-10.055 9.241 22.103 10
-9.864 8.025 23.166 11
-9.404 8.054 22.132 9
-7.268 8.609 18.962 11
-5.276 8.734 15.121 10
-3.39 8.169 11.568 10
-1.886 7.24 9.385 9
-0.373 6.148 8.523 10
1.043 5.343 8.504 10
2.173 4.96 8.532 11
3.064 4.884 8.465 9
3.485 5.171 8.082 11
3.562 6.014 7.24 9
2.873 6.694 6.32 10
2.489 6.981 5.477 10
2.384 7.019 4.951 10
2.47 6.761 4.893 10
2.815 6.502 5.114 10
2.758 6.426 5.784 11
3.179 6.177 6.129 9
2.173 6.138 6.32 10
1.455 6.148 5.774 10
0.976 6.272 4.73 11
0.871 6.531 3.907 9
1.158 6.914 3.361 11
1.513 7.201 3.495 9
1.436 7.364 4.577 10
0.536 7.68 6.339 10
-0.938 8.35 8.906 10
-2.413 9.011 11.903 10
-2.547 10.706 15.275 10
-0.976 13.675 17.065 10
1.254 16.893 17.266 10
2.193 19.977 18.588 10
-0.986 20.599 21.413 11
-6.272 16.395 22.543 9
-11.022 11.52 22.84 11
-14.02 8.303 22.151 9
-14.02 6.627 19.756 10
-12.076 6.799 16.826 10
-9.117 7.115 13.35 11
-6.531 6.866 9.844 10
-4.788 6.234 7.297 9
-3.61 5.181 5.382 10
-3.064 3.955 4.175 10
-2.71 2.595 3.246 11
-2.758 1.647 2.786 10
-2.059 0.555 2.135 9
-2.212 -0.325 1.771 10
-2.183 -1.388 1.541 10
-2.461 -2.442 1.599 10
-2.844 -3.256 1.867 10
-3.189 -3.706 2.26 11
-3.457 -3.945 2.595 9
-3.629 -4.022 2.662 10
-3.782 -4.108 2.547 10
-3.878 -4.156 2.145 10
-4.118 -4.137 1.474 10
-4.175 -4.194 0.67 10
-4.07 -4.252 -0.143 10
-3.859 -4.213 -0.756 10
-3.371 -4.146 -0.948 10
-3.169 -3.715 -0.584 10
-3.256 -2.451 0.746 10
-3.888 -1.063 2.375 10
-5.133 -0.373 4.635 10
-6.11 0.967 7.536 10
-5.985 4.213 9.72 11
-6.665 8.829 9.433 9
-6.062 14.336 7.316 10
-4.807 19.862 5.228 10
-3.505 22.323 4.232 10
-5.114 21.672 4.06 10
-7.24 19.871 6.971 10
-10.611 15.715 10.85 10
-13.005 11.338 14.326 10
-13.608 8.082 17.085 10
-12.325 6.617 17.238 10
-9.883 6.397 15.849 10
-7.374 6.607 14.298 10
-4.922 6.416 12.842 10
-3.045 6.215 11.645 11
-1.503 6.1 10.39 9
-0.411 6.157 9.27 10
0.526 6.33 8.006 10
0.976 7.038 6.665 10
1.331 7.374 5.104 11
1.972 7.642 3.706 9
2.164 7.69 2.844 11
2.777 7.613 2.585 9
2.806 7.354 2.557 10
2.796 6.924 2.873 10
2.719 6.512 3.744 10
2.604 6.167 4.769 11
2.633 5.918 5.717 10
2.825 5.822 6.205 9
3.102 5.832 6.301 10
3.227 6.004 6.244 10
2.911 6.291 6.11 10
2.202 6.512 6.052 10
1.063 6.531 6.349 10
-0.22 6.55 7.527 10
-1.695 6.512 9.538 10
-3.169 6.483 11.722 11
-4.663 6.521 13.512 10
-5.391 7.881 14.93 9
-5.391 10.63 16.002 10
-3.514 13.532 15.389 10
-1.704 16.711 14.03 10
-1.379 19.268 14.518 10
-3.715 17.171 15.571 10
-6.473 12.593 16.759 10
-7.594 9.777 18.023 10
-7.766 8.121 18.272 10
-7.22 7.259 17.027 10
-6.071 6.713 14.489 10
-4.558 6.349 11.664 11
-3.169 5.765 8.695 9
-2.126 4.999 6.253 10
-1.13 4.079 4.347 10
-0.459 3.141 3.093 10
-0.124 2.116 2.26 10
-0.057 1.216 1.877 10
-0.344 0.373 1.838 10
-0.881 -0.316 2.03 10
-1.359 -1.072 2.375 10
-2.116 -1.685 2.691 10
-2.901 -2.212 2.959 10
-3.773 -2.595 3.256 11
-4.558 -2.94 3.428 9
-5.027 -3.16 3.409 10
-5.152 -3.332 3.179 11
-5.075 -3.476 2.863 9
-4.999 -3.61 2.403 11
-4.96 -3.61 1.867 9
-4.989 -3.6 1.35 11
-5.133 -3.524 0.9 9
-5.324 -3.332 0.469 10
-5.554 -2.911 0.21 11
-5.372 -2.384 0.411 9
-4.903 -1.848 1.139 10
-4.548 -1.484 2.25 10
-4.663 -1.091 3.83 10
-5.688 -0.43 6.224 10
-7.125 0.833 8.667 10
-8.446 3.122 9.519 11
-9.126 6.684 8.714 9
-7.738 11.166 6.244 11
-4.855 17.19 4.845 10
-2.882 20.235 4.836 10
-4.405 18.646 7.24 10
-8.341 14.48 11.405 9
-12.794 9.136 17.899 10
-15.37 4.96 23.98 11
-15.332 2.767 27.562 9
-13.369 2.786 27.868 10
-9.959 4.472 26.02 10
-6.703 6.129 22.725 10
-3.869 7.134 18.607 10
-1.484 7.891 15.112 10
0.363 8.264 11.923 10
1.244 8.082 9.471 10
1.503 7.517 7.651 11
1.312 6.818 6.627 9
0.976 5.975 6.004 10
0.66 5.142 5.612 10
0.392 4.338 5.295 10
0.114 3.696 4.855 10
0.009 3.045 4.098 11
-0.363 2.767 3.313 9
-0.565 2.815 2.499 10
-0.047 2.873 1.608 10
-0.047 3.055 0.67 10
0.22 3.323 -0.181 11
0.584 3.514 -0.861 9
0.881 3.811 -1.158 10
1.254 4.05 -1.244 10
0.861 4.194 -0.287 10
0.718 4.232 0.986 10
0.478 4.443 2.901 10
-0.201 4.721 5.018 11
-0.957 5.334 7.153 9
-0.995 6.598 9.05 10
-1.063 8.628 11.061 10
-0.124 10.754 12.277 11
0.392 13.436 12.65 9
-0.995 15.562 13.905 11
-4.663 15.236 17.056 9
-9.605 13.302 20.733 10
-12.488 10.534 22.888 11
-15.093 7.967 23.932 9
-15.006 6.023 23.252 10
-13.407 5.583 21.279 10
-10.591 5.88 18.081 10
-8.111 6.042 14.681 11
-5.966 6.033 11.329 9
-4.223 5.937 8.734 10
-2.7 5.726 6.454 10
-1.656 5.544 4.606 10
-0.814 5.382 2.968 11
-0.287 5.19 1.829 9
0.047 4.855 0.995 11
0.229 4.29 0.526 9
0.019 3.916 0.565 10
0.277 3.303 0.909 11
-0.258 2.729 1.331 9
-0.9 2.212 1.991 10
-1.637 1.704 2.585 10
-2.403 1.043 2.873 10
-3.122 0.411 2.873 10
-3.744 -0.181 2.662 11
-4.137 -0.804 2.48 9
-4.347 -1.225 2.528 10
-4.683 -1.312 2.767 10
-5.257 -1.474 2.671 10
-6.157 -1.704 2.298 10
-6.895 -1.934 1.589 10
-6.847 -2.221 0.909 10
-6.167 -2.336 0.478 10
-5.64 -1.915 1.024 10
-5.65 -1.244 2.365 11
-6.751 -0.612 3.84 10
-8.552 0.009 6.042 9
-10.228 0.67 8.695 10
-11.693 1.915 11.434 10
-12.469 3.016 13.244 10
-14.346 4.118 15.102 10
-14.307 5.612 15.964 10
-13.512 7.747 14.777 10
-11.702 9.844 11.75 10
-9.471 13.196 8.14 10
-8.59 16.05 6.722 10
-10.429 15.093 8.686 10
-13.934 11.348 12.229 10
-15.705 7.728 16.376 10
-15.399 5.401 19.211 10
-13.101 4.587 19.776 11
-9.634 5.621 18.282 10
-5.774 7.498 15.322 10
-2.489 9.49 12.162 9
0.019 10.917 9.672 10
1.877 11.511 8.159 10
2.671 11.233 8.111 10
2.212 10.16 9.088 10
0.919 9.021 10.793 10
-0.497 7.958 12.928 10
-1.628 6.943 14.116 10
-2.432 6.052 14.48 10
-2.7 5.592 14.03 11
-2.796 5.497 12.737 9
-2.949 5.698 11.089 10
-3.102 6.042 9.069 10
-3.016 6.272 7.354 10
-3.064 6.291 6.11 11
-2.853 5.736 5.027 9
-3.418 4.941 5.295 10
-3.514 4.328 6.033 11
-3.572 3.6 6.502 9
-3.533 2.949 6.598 10
-3.217 2.461 6.426 10
-2.825 2.202 5.985 10
-2.518 2.068 5.209 10
-2.221 1.991 4.386 10
-1.867 1.877 3.418 10
-1.532 1.723 2.614 10
-0.976 1.561 1.953 10
-0.411 1.455 1.58 10
0.383 1.197 1.369 11
0.89 1.101 1.551 9
1.407 1.177 2.03 11
1.666 1.637 2.643 9
1.465 2.413 3.236 10
0.852 3.371 3.974 10
0.383 4.453 4.529 10
0.316 5.956 5.248 10
0.679 7.987 5.707 10
1.675 10.821 5.956 10
2.92 14.039 5.813 11
3.821 17.841 5.085 9
3.849 21.624 6.033 10
2.154 23.827 10.017 10
-0.995 22.419 13.905 10
-4.395 19.632 18.128 10
-6.866 16.989 21.432 11
-8.054 14.547 23.07 10
-8.619 12.785 22.428 9
-8.485 11.453 19.986 11
-7.613 10.371 16.577 9
-6.311 9.279 12.593 11
-5.2 8.341 9.002 9
-4.386 7.287 5.707 10
-3.658 6.196 3.227 11
-2.729 5.324 1.302 9
-1.81 4.73 0.086 10
-0.756 4.232 -0.727 10
-0.239 3.983 -1.053 10
0.162 3.639 -1.11 10
0.229 3.217 -0.928 10
0.038 2.375 -0.507 10
-0.478 1.359 -0.076 10
-1.455 0.43 0.679 11
-2.327 -0.22 1.551 9
-3.275 -0.775 2.24 10
-3.84 -1.206 2.729 11
-3.964 -1.57 3.236 9
-3.821 -1.838 3.677 10
-3.821 -2.135 3.955 11
-3.878 -2.422 4.137 9
-3.945 -2.422 4.376 10
-3.706 -1.924 4.692 10
-3.342 -1.379 5.027 10
-3.169 -0.948 5.382 10
-3.428 -0.373 6.177 10
-4.443 0.172 7.048 10
-6.004 0.89 7.441 11
-7.575 2.097 7.575 9
-7.891 4.232 7.134 10
-6.54 8.111 5.985 10
-4.568 12.966 4.625 10
-2.461 17.717 5.295 10
-2.92 19.316 7.814 10
-5.2 17.755 10.879 10
-7.201 16.385 14.413 10
-8.523 15.514 17.678 10
-8.561 14.729 18.799 10
-7.498 14.02 18.368 10
-5.793 13.311 17.286 11
-3.629 12.344 15.878 10
-1.503 11.224 14.24 10
0.497 10.266 12.354 9
1.762 9.71 10.687 10
0.143 11.549 9.739 10
-1.513 13.311 7.297 10
-3.294 13.139 3.284 10
-2.624 11.396 0.153 11
-0.948 9.662 -1.331 9
1.264 8.456 -1.426 10
3.074 7.115 -1.484 10
4.52 6.09 0.038 10
5.372 5.813 3.485 11
5.458 5.813 6.847 10
4.865 5.746 8.494 9
4.357 5.066 8.35 10
4.261 4.558 7.92 10
4.596 4.089 6.962 10
5.525 4.29 5.966 10
6.09 4.654 5.008 10
6.052 5.324 4.424 10
5.899 6.004 5.123 10
4.884 6.569 7.038 11
3.409 7.048 9.605 10
1.628 7.441 12.296 9
-0.488 7.575 15.093 11
-1.321 7.948 17.496 9
0.134 9.777 19.364 10
1.79 12.488 18.655 10
1.647 15.677 18.397 10
-1.168 16.136 20.8 10
-4.788 12.88 22.543 10
-6.703 9.94 23.032 10
-6.914 8.034 22.821 10
-6.148 7.134 21.394 11
-5.037 6.569 18.511 9
-4.012 5.755 15.035 10
-3.265 4.807 11.511 10
-2.911 3.907 8.695 10
-2.662 2.911 6.387 10
-2.336 2.049 4.73 10
-2.126 1.063 3.332 10
-1.991 0.095 2.231 11
-2.126 -0.746 1.34 9
-2.327 -1.561 0.517 10
-2.738 -2.269 -0.201 10
-3.418 -2.949 -0.919 10
-4.06 -3.418 -1.302 11
-4.529 -3.696 -1.359 10
-4.769 -3.964 -1.359 10
-4.845 -4.079 -1.235 9
-4.874 -3.955 -1.187 11
-4.788 -3.849 -1.369 10
-4.663 -4.05 -1.599 9
-4.836 -4.434 -2.164 10
-5.142 -4.462 -2.269 10
-5.535 -4.165 -2.25 10
-5.995 -4.05 -2.116 11
-6.531 -3.811 -1.924 9
-6.981 -3.371 -1.216 10
-7.852 -2.193 0.038 10
-10.17 -1.235 2.384 10
-12.66 0.191 5.535 10
-15.437 3.217 7.096 11
-16.788 7.594 7.163 9
-17.132 12.287 7.268 11
-15.207 16.711 8.437 9
-14.221 17.736 10.831 10
-15.016 15.849 13.464 10
-15.504 14.547 16.625 10
-15.552 14.518 20.005 10
-15.083 13.848 20.647 11
-13.455 13.646 19.316 9
-11.789 13.934 16.816 11
-10.275 13.436 13.962 10
-8.839 12.085 11.99 10
-7.46 10.036 10.773 10
-6.358 8.063 10.793 9
-5.037 6.627 11.616 10
-3.38 5.487 11.913 11
-1.781 4.74 11.587 9
-0.114 4.338 10.658 10
1.379 4.443 9.634 10
2.691 5.094 8.331 11
3.074 5.861 6.914 9
4.75 6.483 5.094 10
5.573 7.163 3.744 10
6.454 7.498 2.499 10
6.694 7.575 1.829 11
6.971 7.489 1.608 10
6.301 7.594 1.944 9
5.219 7.843 2.47 10
3.897 8.619 3.169 10
2.375 9.739 3.734 10
1.436 10.572 4.05 10
0.842 11.147 4.96 10
0.363 11.214 6.981 10
-0.967 10.936 9.979 10
-3.055 10.601 13.781 10
-7.862 10.304 17.266 10
-11.415 10.199 19.316 10
-14.355 11.75 20.676 10
-13.599 13.503 20.12 10
-9.442 15.533 18.33 10
-4.252 18.856 17.439 11
-2.892 19.479 17.266 9
-6.244 15.035 17.822 10
-9.107 9.998 18.808 10
-9.768 6.129 18.808 10
-9.27 3.265 16.96 10
-8.054 1.991 13.675 10
-6.014 1.589 9.366 11
-3.897 1.561 5.114 9
-2.03 1.532 1.436 10
-0.737 1.206 -1.723 10
-0.44 0.861 -3.687 10
-0.641 0.402 -4.817 10
-0.957 0.162 -4.845 10
-1.628 -0.296 -4.462 10
-2.442 -1.139 -3.801 10
-3.323 -2.02 -2.978 10
-4.012 -2.873 -2.145 10
-5.066 -3.61 -1.302 10
-5.87 -4.232 -0.45 10
-6.234 -4.884 0.354 11
-6.033 -5.19 0.766 9
-5.592 -5.228 0.909 10
-5.161 -5.238 0.775 11
-4.845 -5.343 0.296 9
-4.711 -5.372 -0.287 10
-4.673 -5.248 -0.871 10
-4.491 -5.046 -0.948 10
-4.558 -4.462 -0.775 10
-4.453 -4.175 -0.881 10
-4.338 -3.639 -0.699 10
-4.845 -2.729 -0.277 10
-5.564 -1.331 1.005 10
-6.502 0.842 3.505 10
-9.423 3.438 7.067 12
-12.315 6.675 10.314 9
-13.991 11.731 11.98 9
-12.172 17.314 11.722 10
-10.486 20.896 12.21 10
-10.362 20.724 13.455 10
-11.53 18.54 16.596 11
-12.823 15.409 19.306 9
-13.33 12.267 21.088 10
-12.076 9.988 21.404 10
-8.743 8.456 19.45 10
-5.018 7.929 16.318 10
-2.461 7.402 13.254 11
-0.651 6.598 10.965 9
0.191 5.746 10.639 10
0.632 4.721 11.779 10
0.919 3.916 13.014 10
1.283 3.428 13.713 11
1.867 3.399 13.464 9
2.461 3.706 12.727 11
2.585 4.05 11.54 9
1.752 4.75 10.084 10
2.48 5.679 7.651 10
1.944 6.914 5.803 10
2.279 7.795 4.271 10
3.016 8.216 3.227 11
3.869 8.226 3.045 9
4.577 7.987 3.514 10
4.97 7.852 4.07 10
5.075 8.188 4.826 10
4.912 8.877 5.918 10
4.299 9.615 7.412 10
3.332 9.854 9.03 11
1.637 10.026 11.587 9
-0.095 9.653 14.413 10
-2.652 9.212 17.353 10
-5.353 9.069 19.833 11
-6.876 10.429 21.566 10
-6.636 13.723 22.179 9
-4.587 17.544 21.298 11
-3.811 20.456 21.394 9
-7.364 18.78 24.162 11
-13.292 12.028 25.627 9
-16.05 6.282 25.732 10
-15.849 2.288 23.884 10
-12.612 1.072 20.724 10
-8.207 1.714 16.931 10
-5.075 2.106 13.014 10
-2.987 1.934 8.887 10
-1.426 1.551 5.573 10
-0.086 1.063 2.681 10
0.842 0.392 0.162 10
1.005 -0.095 -1.685 10
0.794 -0.555 -2.748 10
0.095 -1.091 -3.371 10
-0.612 -1.628 -3.533 10
-1.541 -2.126 -3.38 10
-2.422 -2.547 -2.815 10
-3.543 -2.873 -2.116 11
-4.577 -3.131 -1.522 9
-5.42 -3.246 -0.938 11
-5.813 -3.198 -0.488 9
-5.746 -3.16 -0.287 10
-5.544 -3.275 -0.545 10
-5.554 -3.485 -0.9 10
-5.544 -3.696 -1.493 10
-5.343 -3.897 -2.154 10
-5.027 -3.926 -2.528 10
-4.424 -3.658 -2.355 10
-3.897 -3.629 -1.58 11
-3.6 -3.821 -0.316 9
-3.371 -3.246 1.675 11
-3.6 -1.695 4.481 9
-4.817 0.718 8.054 10
-7.852 4.041 11.971 11
-9.758 7.69 13.445 9
-9.136 12.679 12.22 10
-5.985 17.764 10.314 11
-3.361 23.08 9.193 10
-3.294 24.372 10.429 9
-7.153 21.777 13.254 11
-12.708 17.104 17.946 10
-16.069 13.551 21.499 10
-16.539 11.319 22.917 9
-14.403 11.042 21.595 10
-10.496 11.492 18.425 10
-6.924 11.156 14.815 10
-4.07 9.921 11.626 10
-1.991 8.657 9.5 10
-0.383 7.565 7.824 11
0.574 6.761 6.579 10
1.369 6.148 5.372 10
2.011 5.717 4.539 9
2.221 5.487 3.993 10
3.303 5.133 3.313 10
3.39 4.989 2.786 10
3.418 4.999 2.279 10
3.955 4.893 1.857 11
4.156 4.874 1.532 9
4.261 5.027 1.666 10
4.29 5.41 2.135 11
4.299 5.928 2.422 9
4.367 6.646 2.509 10
4.616 7.345 2.451 10
4.673 7.69 2.566 10
4.443 7.939 3.562 10
3.878 8.398 5.228 11
2.633 9.097 7.45 9
0.383 10.113 9.691 10
-2.47 11.329 12.296 10
-5.248 12.536 14.499 10
-6.876 14.489 16.95 10
-7.307 17.362 19.048 10
-5.075 19.661 19.766 10
-1.991 21.509 19.565 10
-0.766 22.687 20.14 10
-3.687 19.661 20.906 10
-8.801 14.154 21.193 10
-10.917 9.212 20.819 10
-11.702 6.358 19.019 10
-10.189 5.075 15.907 10
-7.402 5.181 12.717 11
-4.596 5.583 9.251 9
-3.112 5.583 6.224 10
-2.355 4.989 3.792 10
-2.097 4.031 2.25 10
-1.561 2.71 1.12 10
-1.666 1.848 0.526 10
-1.225 0.737 0.038 10
-1.541 -0.086 -0.067 11
-1.599 -1.177 -0.114 9
-2.02 -2.02 0.019 11
-2.47 -2.853 0.229 10
-3.083 -3.466 0.622 9
-3.754 -3.974 0.986 11
-4.309 -4.376 1.225 9
-5.114 -4.702 1.35 10
-5.65 -4.778 1.417 10
-5.679 -4.616 0.89 10
-5.391 -4.261 0.038 10
-4.865 -4.012 -0.995 10
-4.462 -3.869 -2.078 11
-4.06 -3.648 -2.949 10
-3.84 -3.246 -3.495 9
-3.639 -2.853 -3.801 10
-3.811 -2.231 -3.438 10
-4.817 -1.35 -2.346 10
-6.809 0.047 -0.593 10
-9.059 1.302 1.79 10
-11.07 2.873 5.602 10
-10.975 4.912 9.538 10
-11.07 8.37 13.196 10
-9.385 12.66 14.384 10
-6.54 17.209 12.095 10
-4.367 21.921 10.007 10
-3.141 25.043 8.906 10
-4.07 25.349 9.892 10
-8.159 21.452 12.133 10
-12.373 16.855 15.351 11
-14.662 13.014 17.736 10
-14.422 10.821 17.832 10
-11.99 10.218 15.744 9
-9.174 10.046 13.024 10
-6.703 8.896 10.429 10
-4.893 7.489 9.165 10
-3.332 6.263 8.475 10
-2.059 5.43 7.833 10
-0.919 4.836 7.0 10
0.095 4.501 6.167 10
1.11 4.357 5.276 10
1.8 4.376 4.529 10
3.122 4.347 3.725 10
3.782 4.577 3.169 11
4.414 5.046 2.748 10
4.826 5.363 2.537 9
4.845 5.382 2.394 10
4.644 5.372 2.652 11
4.587 5.372 3.198 9
4.481 5.343 3.715 10
4.261 5.209 4.376 11
4.031 5.171 4.96 9
3.677 5.334 5.41 10
3.409 5.793 5.832 10
3.093 6.502 6.339 10
2.336 7.431 7.182 10
1.522 8.197 8.178 10
0.775 9.097 9.356 10
-0.354 10.132 11.607 11
-1.972 11.271 15.188 9
-2.882 13.273 19.163 10
-2.748 16.692 22.055 11
-1.283 20.005 21.806 9
0.143 24.219 20.695 10
-1.321 25.57 21.327 11
-6.253 21.011 21.48 9
-8.446 16.089 21.691 10
-9.797 12.89 22.132 10
-9.682 10.888 20.829 10
-9.222 9.385 18.081 11
-7.91 8.111 14.815 9
-6.368 6.56 11.271 10
-5.046 4.922 8.188 11
-3.897 3.208 5.315 9
-3.332 1.675 3.227 10
-1.982 -0.028 1.704 11
-1.714 -1.149 1.149 9
-0.89 -2.298 0.928 10
-1.043 -3.007 1.225 11
-1.474 -3.648 1.704 9
-2.308 -4.156 2.097 11
-3.246 -4.52 2.327 9
-4.089 -4.797 2.355 11
-4.893 -4.884 2.173 9
-5.592 -4.999 1.762 10
-5.793 -4.96 1.005 11
-5.497 -4.817 -0.067 10
-4.951 -4.558 -1.206 9
-4.405 -4.012 -2.375 10
-3.782 -3.495 -3.409 10
-3.371 -3.122 -4.443 10
-3.265 -3.045 -5.142 11
-3.332 -2.825 -5.286 10
-3.572 -2.116 -4.74 9
-3.667 -1.656 -4.261 11
-4.089 -1.11 -3.217 10
-5.142 -0.287 -1.541 10
-6.55 0.718 0.804 10
-8.207 2.652 4.778 9
-8.418 5.995 8.877 10
-8.207 11.089 10.888 11
-7.249 15.591 11.338 10
-7.201 20.494 10.18 9
-7.144 23.003 10.448 10
-8.322 23.587 12.2 10
-10.975 21.509 15.294 10
-14.384 17.18 19.814 10
-16.318 13.742 23.683 10
-15.265 11.3 25.234 11
-12.229 10.084 23.999 9
-8.169 8.916 21.164 10
-4.52 7.651 18.272 10
-1.043 6.454 15.514 10
1.771 5.87 13.263 10
3.754 5.535 11.109 10
4.951 5.449 9.165 10
5.391 5.698 7.422 11
6.052 6.272 5.477 10
5.765 6.435 3.447 9
6.033 6.435 1.8 10
5.966 6.387 0.306 10
5.554 6.339 -0.45 10
5.219 6.406 -0.593 10
4.616 6.636 -0.392 11
4.29 6.646 0.028 9
4.089 6.502 0.909 11
4.05 6.349 1.8 9
3.543 6.1 2.528 10
2.662 5.956 2.959 10
1.589 6.157 3.361 10
1.254 6.617 3.878 10
0.928 7.441 4.826 10
0.383 8.274 6.157 10
-0.794 8.877 8.226 10
-2.557 9.318 10.515 10
-5.056 9.95 13.024 10
-6.55 10.936 15.169 10
-5.621 13.551 15.782 11
-2.806 16.979 14.106 10
1.838 21.327 11.779 9
3.964 24.459 12.239 10
0.823 21.26 14.192 11
-3.869 15.418 16.127 9
-6.521 10.754 18.425 10
-7.852 8.025 19.699 11
-7.402 6.655 19.23 10
-6.11 5.928 17.123 9
-4.797 5.477 13.962 11
-3.878 5.123 10.86 9
-2.863 4.596 7.747 10
-1.695 4.012 5.382 10
-0.43 3.447 3.351 10
0.124 2.978 1.963 11
0.976 2.317 0.766 10
0.507 1.829 0.268 9
0.028 1.34 0.095 10
-0.488 0.699 0.162 11
-1.312 0.047 0.363 10
-2.212 -0.679 0.574 9
-3.189 -1.407 0.852 10
-4.165 -2.097 1.206 10
-5.085 -2.652 1.541 11
-5.832 -3.179 1.8 10
-6.138 -3.275 2.001 10
-5.861 -3.035 1.867 9
-5.43 -2.873 1.101 11
-5.181 -2.968 -0.248 9
-5.181 -3.208 -1.608 10
-5.171 -3.533 -2.863 10
-4.817 -3.552 -3.39 10
-4.156 -3.083 -3.035 10
-3.849 -2.269 -1.752 10
-3.993 -1.015 0.45 10
-5.075 0.545 2.451 10
-7.354 3.045 4.481 10
-8.446 6.971 5.525 10
-9.222 13.8 6.818 10
-9.318 19.919 8.762 10
-13.158 20.178 11.894 10
-17.257 16.587 16.136 10
-21.72 13.828 23.702 10
-23.376 11.252 28.577 10
-22.677 9.337 29.85 10
-18.377 9.682 27.935 10
-12.976 10.898 23.434 10
-8.475 11.243 18.033 11
-4.635 11.214 12.631 9
-1.953 10.888 8.303 11
-0.153 10.113 4.616 9
0.881 9.136 1.944 11
1.388 8.37 0.459 9
2.509 7.527 -0.545 10
2.71 6.818 -0.622 10
3.064 5.899 -0.181 11
3.332 5.152 0.134 9
3.418 4.616 0.823 10
3.897 4.003 1.417 10
4.022 3.61 2.26 10
4.232 3.505 2.949 11
4.367 3.629 3.744 9
5.41 3.801 4.405 10
5.841 3.916 5.046 10
6.349 3.964 5.363 11
6.789 3.964 5.583 9
6.904 4.022 5.458 10
6.358 4.185 5.104 11
5.334 4.548 4.807 9
4.156 5.228 4.999 11
2.786 6.119 6.119 9
1.264 7.058 7.814 10
-0.21 8.36 9.816 11
-1.886 10.457 12.488 9
-3.189 13.407 15.562 10
-4.616 17.611 19.948 10
-5.276 20.791 23.29 10
-5.152 22.974 25.206 10
-8.475 23.108 27.619 10
-13.723 18.511 28.558 10
-16.596 13.713 28.864 10
-15.859 9.921 27.437 10
-13.599 7.9 24.507 10
-9.883 6.971 20.848 10
-6.627 6.215 16.864 11
-4.558 5.286 13.081 9
-3.007 4.395 9.557 10
-1.944 3.639 6.646 10
-1.139 2.748 3.983 10
-1.072 1.934 2.02 10
-1.139 1.005 0.478 10
-1.446 0.067 -0.44 10
-2.116 -1.024 -0.909 10
-2.815 -2.173 -1.005 10
-3.639 -3.102 -0.593 10
-4.299 -3.754 -0.047 11
-4.989 -4.194 0.584 9
-5.746 -4.462 0.9 11
-6.569 -4.769 1.312 9
-6.885 -5.114 1.072 11
-6.742 -5.401 -0.076 9
-6.272 -5.401 -1.331 11
-5.209 -5.161 -2.633 10
-4.529 -4.884 -4.05 10
-3.782 -4.434 -5.228 9
-3.141 -4.05 -5.985 10
-2.604 -3.399 -6.052 10
-1.991 -2.767 -5.583 10
-1.685 -3.016 -5.046 10
-1.522 -2.796 -3.572 11
-1.867 -1.944 -0.814 9
-2.7 -0.746 2.001 10
-4.692 1.216 5.372 10
-6.234 3.888 7.709 10
-6.579 8.063 8.159 11
-5.928 13.244 6.914 9
-4.51 19.057 5.755 10
-4.529 20.819 6.358 10
-8.236 18.071 8.571 11
-12.152 14.231 13.12 10
-15.581 9.816 21.576 9
-18.454 6.1 28.692 10
-18.167 4.031 31.986 10
-16.165 3.888 32.034 10
-12.986 5.353 29.333 10
-9.356 6.952 24.526 10
-6.512 7.489 19.536 10
-3.878 7.661 14.748 10
-1.905 7.489 10.975 11
-0.536 7.067 7.891 9
0.172 6.828 5.832 10
1.292 6.761 4.137 10
1.331 6.751 3.275 10
1.541 6.617 2.94 10
1.484 6.607 3.332 10
1.522 6.493 3.696 11
1.81 6.138 3.696 9
2.164 5.899 3.667 10
2.767 6.052 3.83 10
3.61 6.473 4.204 10
4.242 6.646 4.51 11
4.539 6.339 4.443 9
4.797 5.755 4.098 11
5.094 5.152 3.696 9
5.334 4.807 3.6 10
5.468 4.893 3.524 10
5.544 5.401 3.773 10
5.152 6.426 5.468 10
4.97 8.619 7.699 10
6.11 11.99 10.639 10
8.341 15.6 11.559 10
8.379 19.603 11.702 10
5.267 20.302 14.25 10
-2.997 16.979 18.588 10
-9.509 11.923 22.725 11
-16.261 5.928 26.364 9
-19.622 1.082 27.016 11
-18.339 -0.287 26.202 9
-13.101 0.469 22.725 10
-8.341 0.804 17.228 10
-4.28 1.589 11.875 10
-1.312 2.7 8.983 10
0.0 2.853 7.671 10
-0.344 1.877 7.048 10
-1.436 0.708 6.713 10
-2.585 0.038 6.713 11
-3.236 -0.172 6.646 9
-3.332 -0.105 6.368 10
-2.671 0.143 5.937 10
-2.011 0.497 5.334 10
-1.254 0.804 4.903 11
-0.536 0.909 4.845 10
-0.105 0.928 4.855 9
0.0 0.957 4.884 10
-0.402 0.833 4.903 10
-1.388 0.766 5.085 11
-2.643 0.833 5.276 9
-3.687 1.091 5.267 10
-4.338 1.34 4.932 11
-4.577 1.551 4.232 9
-4.462 1.695 3.466 10
-4.031 1.79 2.882 10
-3.715 1.762 2.604 10
-3.208 1.666 2.738 10
-2.528 1.608 3.045 10
-2.173 1.465 3.562 10
-2.106 1.608 4.491 10
-5.085 1.781 13.905 10
-1.407 2.729 7.69 10
-2.212 2.853 7.383 11
-0.89 4.845 5.822 9
0.009 6.607 5.468 10
0.057 7.469 5.688 10
-3.552 7.077 9.145 11
-5.612 6.052 13.589 9
-6.167 4.903 16.682 10
-5.43 3.955 17.784 10
-4.644 3.485 18.693 10
-4.003 3.84 19.785 10
-2.489 4.194 19.153 10
-1.043 3.869 17.736 11
0.076 3.61 16.299 9
0.766 3.715 15.399 11
1.053 3.754 14.671 9
1.197 3.926 13.532 10
1.168 4.529 11.913 10
1.58 4.702 10.429 10
2.145 4.395 8.571 10
2.384 4.213 7.489 11
1.953 4.06 7.354 9
1.235 3.696 7.393 10
0.536 3.323 7.46 10
0.105 2.987 7.335 10
-0.057 2.557 6.789 10
-0.086 2.145 5.793 10
0.0 1.867 4.989 11
-0.019 1.618 4.711 9
-1.781 1.752 4.29 10
-0.373 1.608 4.012 10
0.814 1.522 4.079 11
1.388 1.273 4.347 9
1.848 0.948 4.759 10
1.905 0.43 5.276 11
1.848 0.114 5.736 10
2.566 0.076 6.54 10
2.71 0.574 7.651 9
3.102 1.513 6.56 10
2.537 1.848 7.086 10
3.524 2.873 7.718 10
5.066 3.677 8.169 10
6.224 4.386 9.806 10
6.684 5.2 12.162 10
6.742 5.382 14.863 10
6.224 4.386 17.611 10
5.248 2.911 21.26 10
4.28 1.905 23.98 10
3.169 1.493 25.196 10
2.154 2.02 24.411 10
2.719 3.648 22.371 10
3.227 4.884 20.283 10
2.557 5.487 18.397 10
1.704 5.975 16.989 10
1.043 6.368 15.648 10
1.158 6.579 14.336 11
1.647 6.272 13.809 9
1.905 5.334 13.991 10
1.944 4.213 14.47 10
1.407 3.428 14.748 10
0.488 3.303 14.662 10
-0.028 3.821 13.962 11
-0.057 4.52 12.641 10
0.153 5.114 11.415 9
0.469 5.372 10.295 10
0.9 5.219 9.366 10
1.235 4.635 8.887 10
1.369 3.754 8.906 10
1.541 2.796 9.002 10
1.024 1.628 9.452 10
0.229 0.967 9.797 10
0.143 0.047 9.299 10
-0.316 -0.565 8.465 11
-0.919 -0.526 7.469 9
-1.379 -0.287 6.368 11
-1.79 -0.22 4.97 9
-1.829 -0.162 3.648 10
-1.771 0.028 2.576 11
-1.8 0.076 2.068 9
-1.838 0.229 2.202 10
-1.752 0.478 3.007 10
-1.532 0.421 3.983 10
-1.379 0.392 4.807 10
-0.967 0.344 5.257 10
-0.651 0.344 5.238 10
-0.44 0.584 4.606 10
-0.421 0.842 3.629 10
-0.392 1.072 2.748 10
-0.555 1.225 2.557 10
-0.928 1.589 3.371 10
-1.321 2.126 4.443 10
-1.656 2.873 5.123 10
-1.57 3.754 5.2 10
-1.436 4.74 5.046 10
-1.417 5.41 5.372 11
-1.283 5.813 6.78 9
-1.369 6.502 8.628 10
-1.675 7.498 10.773 10
-2.375 8.14 12.315 10
-3.275 8.485 12.899 10
-4.012 8.657 13.081 10
-4.635 8.992 12.995 10
-4.702 9.318 13.129 11
-4.271 9.452 12.976 9
-3.677 9.624 12.545 10
-3.332 9.911 11.951 10
-3.361 10.093 11.281 11
-3.878 10.132 10.601 10
-4.204 10.084 9.844 9
-4.386 10.046 9.251 11
-4.922 9.758 8.877 9
-5.334 9.241 8.772 10
-5.458 8.801 9.232 10
-5.372 8.322 9.461 11
-4.989 7.69 9.155 9
-4.309 7.527 8.667 10
-3.62 7.307 8.322 10
-3.083 6.77 8.015 10
-2.403 6.234 7.517 10
-1.963 5.631 7.287 10
-1.628 4.999 7.0 10
-1.589 4.405 7.058 10
-1.589 3.715 7.182 10
-1.446 3.256 7.134 11
-1.244 3.055 7.0 9
-1.235 3.122 6.445 10
-1.254 3.284 5.487 11
-1.244 3.342 4.577 9
-0.967 3.208 3.754 10
-0.612 3.083 3.342 11
-0.22 2.892 3.256 10
0.201 2.662 3.821 10
0.459 2.547 4.683 10
1.015 2.231 5.391 9
1.13 2.308 6.397 11
1.11 2.662 7.058 9
0.737 3.227 7.307 10
0.354 4.012 7.661 10
0.268 4.855 8.236 10
0.593 5.793 8.82 10
1.11 6.56 8.858 10
1.829 7.144 8.743 11
2.154 7.728 10.333 9
1.867 7.709 13.809 11
0.948 6.042 17.286 9
-0.67 3.801 20.321 10
-1.388 2.384 21.27 10
-2.02 2.068 20.791 10
-2.432 2.729 19.335 11
-2.853 4.041 17.305 9
-3.055 5.123 15.073 10
-3.256 6.1 12.574 10
-3.763 6.684 10.563 10
-4.836 6.703 8.916 10
-5.88 6.224 8.216 10
-6.301 5.353 7.958 10
-6.148 4.587 7.69 10
-6.014 3.773 7.422 11
-6.1 3.16 7.0 9
-6.244 2.767 6.473 10
-6.196 2.365 6.033 10
-6.1 1.953 5.612 10
-5.851 1.656 5.209 10
-5.382 1.359 4.826 11
-4.922 1.034 4.395 9
-4.405 0.861 3.782 11
-4.098 0.814 3.217 9
-3.801 0.804 2.47 10
-3.888 0.766 1.8 10
-3.974 0.689 1.34 11
-4.28 0.497 1.177 9
-4.367 0.411 1.12 10
-4.041 0.411 1.417 10
-3.629 0.316 2.413 10
-3.572 0.363 3.6 10
-4.299 0.603 4.75 10
-4.97 1.628 5.535 11
-5.832 3.447 6.033 10
-6.426 5.391 5.966 9
-5.784 6.33 5.257 10
-3.457 6.914 5.315 10
-0.699 7.393 7.354 10
-0.354 7.077 11.722 10
-1.752 5.669 15.849 10
-3.112 4.405 19.421 11
-4.386 3.734 21.145 9
-4.644 3.265 21.413 10
-4.06 3.026 20.197 10
-3.236 2.959 17.918 10
-2.786 3.16 15.696 10
-2.719 3.39 13.761 10
-2.585 3.734 12.258 10
-2.336 4.022 11.224 10
-2.145 4.156 10.601 10
-1.944 4.041 10.16 10
-1.819 3.869 9.911 10
-1.8 3.677 9.777 10
-1.714 3.648 9.452 10
-1.503 3.744 8.916 11
-1.647 3.974 8.609 9
-1.091 4.165 7.833 10
-1.11 4.386 7.364 10
-0.871 4.271 7.058 10
-0.708 4.29 6.579 10
-0.919 4.28 6.253 11
-0.948 4.156 6.119 9
-0.871 3.945 6.32 10
-1.264 3.696 6.598 10
-0.842 3.399 6.799 10
-0.66 3.16 6.694 10
-0.191 2.882 6.177 10
-0.153 2.978 5.679 11
-0.201 3.045 5.343 10
-0.095 3.189 4.932 9
-0.114 3.495 4.405 10
-0.325 3.926 4.367 11
-0.392 4.319 4.654 9
-0.335 4.568 5.018 11
0.545 4.721 5.746 9
0.44 4.529 6.617 11
0.727 4.606 7.69 10
0.814 4.73 8.494 10
0.718 5.123 8.82 9
0.268 6.033 8.781 10
-0.114 7.144 8.561 11
-0.335 7.9 8.705 9
0.153 7.929 9.72 10
0.517 7.125 12.172 10
0.172 5.477 15.073 10
-0.861 3.706 17.008 11
-2.288 2.681 17.276 9
-3.696 2.068 16.807 10
-4.548 2.116 15.6 10
-4.702 2.767 13.512 10
-4.185 3.581 11.549 10
-3.572 4.012 10.323 10
-3.112 3.983 9.95 11
-2.758 3.907 10.036 9
-2.499 3.734 10.362 10
-2.308 3.275 10.773 10
-1.944 2.93 10.84 10
-1.714 2.671 10.639 10
-1.695 2.671 10.16 10
-1.886 2.844 9.519 10
-2.106 3.131 8.801 10
-2.24 3.514 7.91 11
-2.279 3.83 7.086 10
-2.24 4.05 6.569 9
-2.183 3.983 6.435 10
-2.173 3.734 6.675 10
-2.202 3.514 7.086 10
-2.442 3.217 7.469 10
-2.604 2.997 7.709 10
-2.786 2.777 7.795 10
-2.997 2.566 7.69 10
-2.968 2.537 7.402 11
-2.987 2.509 6.856 9
-2.92 2.576 6.473 10
-2.844 2.7 6.397 10
-2.719 2.719 6.483 10
-2.537 2.825 6.598 10
-2.537 2.911 6.751 10
-2.643 2.93 6.943 10
-2.595 2.997 6.77 10
-2.729 2.834 6.943 10
-2.873 2.758 7.163 10
-2.796 2.777 7.182 10
-2.624 2.777 7.211 10
-1.915 2.806 7.067 10
-2.413 2.758 7.46 10
-2.145 2.652 7.833 11
-2.193 2.71 8.159 9
-2.231 2.748 8.552 10
-2.355 2.719 8.944 10
-2.691 2.48 9.682 10
-3.323 2.298 10.658 11
-4.089 2.327 11.338 10
-4.568 2.595 11.664 10
-4.596 3.236 11.204 9
-4.539 3.782 10.611 10
-4.491 3.993 10.065 11
-4.07 4.041 10.591 10
-3.658 3.476 12.018 10
-3.782 2.738 13.426 10
-4.357 2.097 14.681 9
-4.817 1.647 15.504 11
-4.932 1.34 15.792 10
-4.788 1.206 15.246 9
-4.299 1.493 13.848 10
-3.658 1.838 12.239 10
-3.179 2.145 10.668 11
-2.834 2.327 9.433 9
-2.547 2.394 8.801 10
-2.327 2.327 8.619 10
-2.231 2.193 8.743 10
-2.087 2.049 8.791 10
-2.03 1.944 8.753 10
-2.039 1.934 8.743 10
-1.877 1.877 8.743 10
-1.781 1.838 8.772 10
-1.934 1.886 8.513 10
-2.365 2.078 8.111 10
-2.595 2.279 7.766 10
-2.518 2.231 7.469 10
-2.863 2.403 7.287 10
-2.94 2.394 7.268 10
-2.748 2.25 7.45 11
-2.365 2.173 7.68 9
-1.905 2.164 8.101 10
-1.618 2.145 8.638 10
-1.561 2.154 9.088 10
-1.628 2.308 9.289 10
-1.8 2.566 9.241 10
-2.011 2.71 9.26 10
-1.733 2.997 9.011 10
-1.455 3.141 8.791 10
-1.369 3.141 8.896 10
-1.369 3.055 9.232 11
-1.484 2.949 9.615 10
-1.522 2.834 9.931 9
-1.398 2.796 10.122 10
-1.149 2.796 10.189 11
-0.957 2.901 10.093 10
-0.833 3.026 9.873 9
-0.699 3.198 9.768 10
-0.593 3.303 9.528 10
-0.555 3.438 9.193 10
-0.43 3.629 8.877 11
-0.354 3.821 8.561 10
-0.316 4.003 8.322 9
-0.373 4.156 8.13 11
-0.459 4.185 8.101 10
-0.622 4.175 8.149 10
-0.794 4.146 8.197 9
-0.881 4.089 8.274 10
-0.938 4.079 8.437 10
-0.9 4.079 8.513 10
-0.718 4.118 8.456 10
-0.469 4.194 8.36 11
-0.287 4.232 8.245 9
-0.172 4.252 8.274 11
-0.095 4.261 8.36 9
-0.067 4.28 8.437 10
-0.028 4.414 8.456 10
-0.047 4.539 8.523 10
-0.134 4.548 8.599 10
-0.268 4.539 8.647 10
-0.383 4.606 8.647 10
-0.555 4.568 8.619 10
-0.632 4.481 8.628 10
-0.641 4.376 8.647 10
-0.651 4.347 8.676 11
-0.66 4.357 8.695 9
-0.746 4.434 8.743 10
-0.919 4.462 8.791 11
-1.005 4.481 8.906 9
-1.149 4.472 9.05 10
-1.35 4.462 8.992 11
-1.513 4.568 8.657 9
-1.637 4.692 8.226 10
-1.742 4.788 7.872 10
-1.695 4.769 7.738 10
-1.503 4.654 7.738 11
-1.35 4.472 7.996 10
-1.235 4.319 8.389 9
-1.168 4.156 8.877 10
-1.216 4.041 9.27 10
-1.331 3.993 9.567 10
-1.331 3.955 9.682 10
-1.292 4.003 9.5 11
-1.225 4.07 9.193 9
-1.082 4.098 8.82 10
-1.082 4.165 8.465 10
-1.168 4.204 8.236 10
-1.216 4.175 8.149 10
-1.273 4.098 8.197 10
-1.302 4.003 8.264 10
-1.369 3.964 8.341 11
-1.407 3.916 8.398 9
-1.446 3.897 8.36 10
-1.417 3.897 8.303 10
-1.359 3.878 8.178 10
-1.283 3.888 8.13 10
-1.206 3.869 8.14 10
-1.11 3.84 8.197 10
-1.024 3.782 8.389 10
-0.967 3.744 8.609 10
-0.928 3.677 8.753 10
-0.852 3.639 8.858 10
-0.756 3.658 8.81 10
-0.67 3.687 8.762 10
-0.622 3.763 8.743 10
-0.699 3.811 8.81 11
-0.794 3.916 8.916 9
-0.881 3.974 8.963 10
-0.89 3.983 9.04 10
-0.861 3.983 9.059 10
-0.9 3.993 9.021 11
-0.967 4.031 8.992 9
-0.957 4.05 8.963 10
-0.871 4.07 8.944 10
-0.766 4.06 8.906 10
-0.632 3.983 9.021 11
-0.44 3.869 9.212 9
-0.287 3.782 9.356 10
-0.162 3.715 9.461 10
-0.105 3.667 9.528 10
-0.162 3.572 9.595 10
-0.21 3.485 9.691 11
-0.172 3.399 9.825 9
-0.067 3.323 9.902 10
0.038 3.294 9.911 10
0.095 3.342 9.835 10
0.124 3.418 9.71 10
0.201 3.533 9.509 10
0.335 3.639 9.308 10
0.43 3.725 9.136 10
0.497 3.744 9.021 11
0.565 3.782 8.925 9
0.584 3.706 8.944 11
0.545 3.591 9.165 9
0.411 3.562 9.461 11
0.181 3.552 9.691 9
0.038 3.543 9.797 10
-0.028 3.562 9.797 10
0.028 3.62 9.682 10
0.143 3.725 9.461 10
0.191 3.782 9.346 10
0.172 3.84 9.26 10
0.028 3.897 9.232 10
-0.162 3.955 9.184 10
-0.258 3.964 9.145 10
-0.239 3.955 9.117 10
-0.21 3.964 9.04 10
-0.21 3.974 9.011 11
-0.191 3.993 8.992 9
-0.124 4.003 9.078 10
-0.057 4.041 9.184 10
0.019 4.012 9.222 10
0.095 3.964 9.346 10
0.038 3.897 9.528 11
-0.201 3.782 9.777 10
-0.383 3.706 9.873 9
-0.44 3.696 9.739 10
-0.335 3.792 9.471 10
-0.239 3.907 9.203 11
-0.153 3.983 9.117 9
-0.229 4.06 9.145 10
-0.402 4.137 9.232 10
-0.545 4.194 9.212 11
-0.612 4.213 9.145 10
-0.67 4.194 9.03 9
-0.651 4.175 8.868 10
-0.679 4.137 8.695 10
-0.679 4.089 8.58 10
-0.66 4.003 8.542 10
-0.584 3.916 8.571 11
-0.507 3.801 8.542 9
-0.44 3.715 8.609 10
-0.44 3.61 8.753 11
-0.421 3.514 8.848 10
-0.277 3.466 8.868 9
-0.134 3.466 8.848 11
-0.057 3.485 8.868 9
-0.095 3.495 8.858 11
-0.162 3.562 8.829 9
-0.229 3.62 8.743 10
-0.268 3.696 8.609 10
-0.296 3.715 8.494 10
-0.229 3.734 8.398 10
-0.191 3.706 8.389 10
-0.248 3.667 8.465 10
-0.296 3.61 8.619 10
-0.344 3.533 8.82 11
-0.392 3.476 8.992 10
-0.383 3.399 9.097 9
-0.421 3.351 9.136 11
-0.43 3.323 9.097 9
-0.526 3.313 9.03 10
-0.67 3.399 8.858 10
-0.785 3.495 8.705 11
-0.833 3.552 8.619 9
-0.871 3.591 8.571 10
-0.986 3.591 8.552 11
-0.995 3.543 8.609 10
-0.986 3.485 8.676 9
-0.976 3.447 8.762 11
-0.976 3.418 8.868 9
-0.986 3.428 8.973 10
-0.976 3.447 9.136 10
-0.948 3.418 9.27 11
-0.938 3.342 9.356 10
-0.948 3.294 9.375 9
-0.986 3.294 9.375 11
-1.043 3.323 9.404 9
-1.091 3.256 9.538 10
-1.11 3.179 9.682 10
-1.043 3.045 9.844 10
-0.995 2.997 9.931 10
-0.928 3.026 9.911 10
-0.775 3.055 9.854 10
-0.622 3.083 9.806 10
-0.526 3.016 9.787 10
-0.45 2.911 9.768 10
-0.45 2.815 9.806 11
-0.411 2.758 9.758 10
-0.344 2.786 9.624 9
-0.363 2.911 9.471 10
-0.459 3.074 9.433 11
-0.555 3.217 9.404 9
-0.66 3.294 9.318 10
-0.766 3.361 9.241 11
-0.737 3.409 9.165 9
-0.756 3.428 9.165 11
-0.775 3.457 9.299 9
-0.804 3.447 9.538 11
-0.871 3.409 9.662 9
-0.89 3.428 9.691 10
-0.804 3.476 9.605 10
-0.746 3.485 9.509 10
-0.679 3.447 9.442 11
-0.632 3.399 9.471 9
-0.689 3.38 9.5 10
-0.823 3.409 9.557 10
-0.976 3.438 9.557 10
-1.043 3.438 9.519 10
-1.072 3.438 9.481 11
-1.158 3.457 9.318 10
-1.244 3.466 9.107 9
-1.302 3.562 8.868 11
-1.302 3.6 8.772 9
-1.264 3.6 8.705 10
-1.216 3.591 8.724 10
-1.139 3.581 8.848 10
-1.13 3.543 8.954 10
-1.225 3.552 9.021 10
-1.369 3.61 8.983 10
-1.446 3.658 8.954 10
-1.446 3.658 9.002 10
-1.369 3.6 9.155 10
-1.321 3.495 9.337 10
-1.302 3.399 9.49 10
-1.273 3.371 9.519 10
-1.187 3.371 9.461 10
-1.063 3.371 9.327 10
-0.967 3.399 9.174 10
-0.948 3.409 9.059 10
-0.928 3.399 8.983 10
-0.909 3.399 8.935 10
-0.9 3.418 8.925 10
-0.861 3.428 8.916 10
-0.881 3.428 8.963 10
-0.948 3.438 9.03 10
-0.995 3.447 9.03 10
-0.948 3.485 8.906 10
-0.833 3.552 8.801 10
-0.804 3.543 8.791 10
-1.091 3.457 8.954 10
-1.877 3.371 9.184 11
-1.599 3.801 9.27 9
-2.145 3.399 9.777 10
-1.455 3.849 9.232 10
-0.536 3.945 8.877 10
-0.746 3.485 9.567 10
-0.622 3.543 9.787 10
-0.766 3.6 9.854 10
-1.005 3.667 9.509 10
-1.082 3.773 8.973 10
-1.024 3.821 8.485 11
-0.967 3.849 8.197 9
-0.967 3.792 8.14 10
-0.948 3.677 8.418 10
-0.756 3.572 8.829 11
-0.66 3.438 9.117 9
-0.622 3.399 9.26 10
-0.708 3.438 9.251 11
-0.804 3.485 9.136 9
-0.823 3.533 9.011 10
-0.746 3.61 8.935 10
-0.775 3.687 8.772 11
-0.871 3.725 8.676 9
-0.89 3.763 8.638 10
-0.756 3.782 8.781 11
-0.804 3.667 8.963 10
-0.775 3.687 9.097 9
-0.794 3.639 9.117 11
-0.909 3.61 9.126 9
-0.957 3.62 9.05 10
-0.852 3.715 8.858 11
-0.804 3.696 8.829 9
-0.833 3.696 8.896 10
-0.948 3.744 8.963 10
-0.986 3.782 8.983 10
-0.881 3.792 8.896 10
-0.756 3.84 8.791 10
-0.727 3.907 8.82 10
-0.756 3.878 8.868 11
-0.804 3.849 9.002 9
-0.89 3.782 9.193 10
-1.043 3.754 9.394 11
-1.101 3.725 9.375 9
-1.034 3.754 9.251 10
-0.871 3.763 9.059 10
-0.766 3.754 8.963 10
-0.708 3.725 8.935 10
-0.718 3.715 9.011 10
-0.737 3.725 9.097 11
-0.785 3.725 9.136 9
-0.804 3.725 9.088 10
-0.814 3.782 8.983 10
-0.842 3.84 8.916 11
-0.852 3.859 8.877 9
-0.861 3.859 8.829 10
-0.9 3.849 8.791 10
-0.928 3.859 8.839 10
-1.043 3.859 8.963 11
-1.053 3.84 9.193 10
-0.957 3.773 9.375 9
-0.948 3.734 9.481 10
-0.938 3.763 9.337 10
-0.909 3.821 9.03 11
-0.881 3.888 8.714 9
-0.871 3.926 8.542 10
-0.909 3.916 8.619 10
-0.919 3.888 8.772 10
-1.024 3.83 8.973 11
-1.015 3.821 9.04 9
-0.995 3.849 9.097 10
-0.881 3.869 9.059 10
-0.833 3.897 8.954 10
-0.842 3.936 8.858 10
-0.928 3.916 8.82 11
-0.995 3.926 8.772 10
-0.967 3.926 8.791 9
-0.919 3.897 8.839 10
-0.9 3.869 8.954 10
-0.9 3.888 9.021 10
-0.852 3.916 8.973 10
-0.814 3.964 8.848 11
-0.842 3.983 8.772 10
-0.89 4.031 8.743 10
-0.938 4.05 8.743 9
-0.938 4.012 8.848 11
-0.957 3.974 8.896 9
-0.928 3.955 8.925 10
-0.976 3.974 9.03 10
-0.928 3.955 9.193 11
-0.852 3.945 9.107 9
-0.823 3.955 9.002 10
-0.9 3.974 8.963 11
-1.015 3.964 8.935 10
-1.063 3.974 8.916 9
-1.072 3.993 8.944 11
-1.082 3.974 9.002 9
-1.072 3.983 9.059 10
-1.043 4.012 9.145 11
-1.034 4.06 9.126 9
-1.053 4.108 9.05 10
-1.053 4.127 8.944 10
-1.082 4.156 8.81 10
-1.015 4.175 8.676 10
-0.938 4.165 8.647 10
-0.833 4.108 8.695 11
-0.785 4.07 8.686 10
-0.823 4.089 8.552 9
-0.938 4.118 8.475 10
-1.034 4.127 8.465 11
-1.063 4.127 8.513 9
-1.063 4.079 8.647 10
-1.091 4.031 8.839 10
-1.101 4.022 8.896 10
-1.053 4.031 8.848 10
-0.967 4.079 8.762 10
-0.976 4.05 8.772 10
-1.024 4.041 8.791 10
-1.034 4.06 8.781 10
-1.005 3.993 8.772 11
-1.034 3.964 8.848 10
-1.158 3.945 8.944 9
-1.149 3.964 8.992 10
-1.043 3.983 8.925 10
-1.005 4.022 8.839 10
-1.034 4.089 8.801 10
-1.043 4.127 8.81 10
-1.005 4.127 8.791 10
-0.986 4.127 8.705 10
-1.005 4.156 8.628 10
-1.053 4.118 8.619 11
-1.11 4.06 8.695 9
-1.034 4.031 8.829 10
-1.024 3.993 8.944 11
-1.063 3.964 9.021 9
-1.072 3.964 9.097 10
-1.101 4.003 9.136 10
-1.158 4.041 9.097 10
-1.244 4.07 9.03 10
-1.273 4.089 8.858 10
-1.235 4.108 8.753 10
-1.12 4.089 8.667 10
-0.986 4.022 8.724 10
-0.928 3.993 8.791 10
-0.928 3.983 8.848 11
-1.005 4.012 8.848 9
-1.072 4.06 8.877 10
-1.082 4.089 8.81 10
-1.034 4.127 8.647 10
-1.082 4.194 8.571 10
-1.034 4.185 8.456 11
-0.976 4.137 8.437 9
-0.967 4.06 8.552 10
-1.043 3.993 8.82 10
-1.168 3.936 9.059 10
-1.158 3.964 9.136 10
-1.177 4.012 9.011 10
-1.197 4.06 8.877 10
-1.216 4.137 8.781 10
-1.177 4.175 8.743 10
-1.12 4.175 8.753 11
-1.13 4.156 8.82 9
-1.177 4.108 8.877 10
-1.177 4.06 8.944 10
-1.206 4.003 8.973 10
-1.13 3.983 9.021 10
-1.072 3.936 9.088 10
-1.015 3.916 9.011 10
-0.909 4.003 8.887 10
-0.919 4.06 8.647 10
-0.976 4.137 8.58 10
-1.101 4.204 8.59 10
-1.216 4.204 8.686 10
-1.158 4.165 8.801 11
-1.101 4.127 8.906 9
-1.101 4.079 8.983 11
-1.158 4.06 9.011 9
-1.168 4.098 8.954 10
-1.13 4.098 8.82 10
-1.177 4.118 8.925 11
-1.292 4.127 8.963 9
-1.312 4.127 8.935 11
-1.292 4.165 8.82 10
-1.254 4.165 8.657 9
-1.244 4.204 8.619 10
-1.197 4.204 8.599 10
-1.177 4.156 8.628 10
-1.177 4.175 8.705 10
-1.072 4.146 8.686 11
-0.986 4.108 8.676 9
-0.995 4.137 8.743 10
-0.986 4.098 8.81 11
-1.053 4.07 8.887 9
-1.216 4.05 8.81 10
-1.216 4.108 8.801 10
-1.177 4.089 8.628 10
-1.13 4.788 5.41 10
-1.982 4.338 8.197 11
-2.327 3.964 10.687 9
-1.915 3.936 11.042 10
-1.522 4.232 10.342 10
-0.957 4.414 8.839 10
-0.699 4.692 7.699 10
-1.13 4.702 6.952 10
-1.474 4.635 7.125 10
-1.474 4.395 7.556 10
-1.225 4.003 8.082 11
-0.833 3.639 8.638 10
-0.995 3.524 9.212 9
-0.948 3.438 9.691 11
-0.881 3.572 9.816 10
-0.842 3.725 9.768 9
-0.9 3.897 9.471 11
-0.957 4.089 9.03 9
-1.091 4.242 8.695 11
-1.216 4.328 8.465 9
-1.206 4.347 8.389 10
-1.187 4.261 8.494 10
-1.177 4.156 8.724 10
-1.225 4.041 9.069 10
-1.206 3.945 9.366 10
-1.139 3.916 9.299 10
-1.139 3.983 9.212 10
-1.312 4.06 9.078 11
-1.379 4.185 8.935 10
-1.369 4.223 8.734 9
-1.369 4.127 8.676 10
-1.398 4.232 8.389 10
-1.637 4.127 8.427 10
-1.618 4.031 8.724 10
-1.12 3.821 8.973 10
-0.986 3.725 9.232 10
-0.756 3.763 9.318 10
-0.392 3.754 9.021 10
-0.421 3.801 8.848 10
-2.489 4.089 9.471 10
-1.867 4.29 9.318 10
-1.187 4.271 8.714 11
-0.852 4.252 8.341 9
-0.794 4.242 8.322 10
-1.015 4.175 8.513 10
-1.11 4.089 8.839 10
-0.967 3.983 9.002 10
-0.66 3.916 8.925 11
-0.44 3.888 8.839 9
-0.239 3.926 8.762 10
-0.229 3.945 8.724 10
-0.306 3.878 8.781 10
-0.354 3.84 8.906 10
-0.363 3.773 8.973 11
-0.373 3.734 9.04 9
-0.488 3.658 9.126 10
-0.584 3.61 9.26 10
-0.641 3.552 9.318 10
-0.632 3.562 9.27 10
-0.507 3.658 9.097 10
-0.402 3.754 8.868 10
-0.373 3.869 8.657 10
-0.44 3.993 8.561 10
-0.861 4.031 8.839 10
-1.484 4.098 9.586 10
-1.063 4.299 9.222 10
-0.861 4.232 8.935 10
-0.584 4.261 8.676 10
-0.421 4.271 8.542 10
-0.593 4.089 8.705 11
-0.641 3.964 8.896 10
-0.469 3.945 8.906 9
-0.488 3.869 8.916 11
-0.545 3.84 8.906 9
-0.565 3.897 8.868 10
-0.555 3.916 8.801 10
-0.574 3.878 8.695 10
-0.689 3.869 8.743 10
-0.689 3.849 8.906 10
-0.718 3.849 9.107 10
-0.727 3.888 9.212 10
-0.766 3.916 9.222 10
-0.814 3.974 9.212 10
-0.861 3.993 9.078 10
-0.852 3.955 8.906 10
-0.871 3.907 8.858 10
-0.967 3.878 8.925 10
-1.034 3.888 9.059 10
-0.986 3.916 9.126 11
-0.909 3.945 9.165 9
-0.881 3.983 9.193 10
-0.871 3.964 9.107 10
-0.833 3.945 9.002 10
-0.699 3.869 8.868 10
-0.421 3.801 8.676 11
-0.268 3.687 8.619 9
-0.469 3.62 8.686 10
-0.708 3.687 8.772 12
-0.861 3.811 8.762 8
-0.928 3.945 8.676 10
-0.881 4.06 8.408 10
-0.871 4.156 8.312 11
-0.861 4.118 8.408 9
-0.89 4.05 8.724 11
-1.024 4.012 9.04 9
-1.139 4.022 9.289 10
-1.11 4.089 9.337 11
-1.168 4.204 9.327 10
-1.312 4.338 9.136 9
-1.273 4.424 8.724 11
-1.168 4.462 8.37 10
-1.043 4.338 8.178 10
-1.034 4.204 8.571 9
-0.976 4.022 9.011 10
-0.928 3.869 9.375 10
-0.823 3.83 9.356 10
-0.881 3.926 8.858 10
-1.072 4.108 8.475 10
-1.312 4.194 6.675 10
-1.896 4.424 8.36 10
-2.039 4.089 10.898 10
-1.12 4.022 9.854 10
-0.842 4.271 8.705 10
-0.45 4.606 8.121 11
-0.651 4.443 7.584 9
-1.149 4.261 7.584 11
-1.57 4.098 8.044 10
-1.599 3.84 8.494 9
-1.264 3.658 8.906 10
-1.177 3.485 9.538 10
-1.187 3.524 9.902 11
-1.302 3.782 9.844 9
-1.426 4.089 9.385 10
-1.484 4.386 8.801 10
-1.685 4.501 8.427 10
-1.838 4.51 8.341 10
-2.039 4.472 8.494 10
-2.145 4.405 8.667 11
-2.135 4.271 8.801 9
-2.068 4.127 9.03 10
-1.877 4.05 9.011 11
-1.79 4.06 9.011 9
-1.771 4.05 9.021 11
-1.704 4.06 9.069 9
-1.637 4.06 9.155 10
-1.637 4.098 9.193 10
-1.714 4.07 9.299 10

# Completed @Fri Dec 02 13:27:03 CST 2016
