# Accelerometer Data File
# Started @Fri Dec 02 13:32:56 CST 2016
#
#
# sensor Vendor: STMicroelectronics
# sensor Name: LSM330 3-axis Accelerometer
# sensor Resolution: 0.009576807m/sec^2; Max Range: 78.4532; Min Delay: 10000 microseconds
# The sensor's attributes are the result hardware and the Android capabilities.
# It means that the Android may not utilize all features provided by the hardware.
#
# Some devices and Android versions save battery too much so the device may go to sleep.
# It just happens after couple of minutes from turning off the scree and it is easy to find it out.
#
# The following file provides the data from accelerometer in the m/s^2 format.
# The diff value is just a time delta between the samples
#
#
# data format:
# so we have 4 columns with values separated by the " "
# X Y Z time_from_previous_sample(ms)

# sensor speed set to:FASTEST
# units set to: m/sec^2
# gravity NOT filtered out
# Accuracy: HIGH
-1.015 4.175 8.772 0
-1.024 4.137 8.839 9
-0.976 4.146 8.944 10
-0.928 4.232 8.973 10
-0.928 4.28 8.82 10
-0.976 4.28 8.743 10
-1.043 4.299 8.714 10
-1.034 4.299 8.734 10
-1.034 4.328 8.743 11
-1.024 4.338 8.753 9
-1.034 4.347 8.801 10
-1.053 4.376 8.896 10
-1.053 4.367 8.925 10
-1.043 4.376 8.935 10
-1.053 4.357 8.935 10
-1.101 4.347 8.887 11
-1.13 4.319 8.877 9
-1.149 4.319 8.963 10
-1.139 4.319 8.906 10
-1.11 4.319 8.801 10
-1.139 4.395 8.686 10
-1.177 4.424 8.638 10
-1.187 4.405 8.695 10
-1.177 4.347 8.82 10
-1.149 4.29 8.896 10
-1.139 4.242 8.925 10
-1.13 4.213 8.983 10
-1.082 4.213 8.992 11
-1.005 4.223 8.916 9
-0.967 4.261 8.801 10
-0.928 4.28 8.705 10
-0.967 4.29 8.609 10
-0.986 4.271 8.552 10
-0.995 4.232 8.609 10
-1.024 4.175 8.619 10
-1.024 4.127 8.695 10
-1.005 4.118 8.762 10
-0.986 4.108 8.839 10
-0.938 4.137 8.887 10
-0.909 4.165 8.858 10
-0.928 4.194 8.781 10
-1.015 4.204 8.734 11
-1.063 4.175 8.667 9
-1.101 4.156 8.561 10
-1.072 4.165 8.542 10
-1.015 4.194 8.657 10
-0.967 4.204 8.772 10
-0.957 4.185 8.877 10
-0.909 4.156 8.896 10
-0.957 4.175 8.829 10
-0.986 4.213 8.743 10
-1.005 4.213 8.628 10
-1.024 4.232 8.599 10
-1.015 4.223 8.628 10
-0.967 4.232 8.734 11
-0.938 4.204 8.829 9
-0.957 4.156 8.906 10
-0.957 4.146 8.992 10
-0.948 4.127 8.973 10
-1.005 4.175 8.896 10
-1.015 4.223 8.82 10
-1.034 4.28 8.753 10
-1.024 4.319 8.743 10
-1.005 4.299 8.724 10
-0.957 4.261 8.667 10
-0.919 4.223 8.667 10
-0.89 4.242 8.743 10
-0.9 4.261 8.829 10
-0.909 4.252 8.858 10
-0.89 4.261 8.925 10
-0.871 4.261 8.906 10
-0.861 4.299 8.81 10
-0.871 4.328 8.714 11
-0.871 4.338 8.638 10
-0.89 4.367 8.609 9
-0.9 4.357 8.638 10
-0.9 4.328 8.705 10
-0.919 4.328 8.829 10
-0.9 4.319 8.887 11
-0.89 4.299 8.916 9
-0.928 4.28 8.896 10
-0.967 4.271 8.839 10
-0.948 4.28 8.753 10
-0.909 4.309 8.676 10
-0.89 4.328 8.647 10
-0.919 4.319 8.638 10
-0.928 4.28 8.705 10
-0.871 4.29 8.734 10
-0.823 4.252 8.743 10
-0.804 4.223 8.772 10
-0.804 4.232 8.753 10
-0.881 4.261 8.753 10
-0.938 4.29 8.743 10
-0.909 4.232 8.638 10
-0.852 4.213 8.609 10
-0.814 4.232 8.542 10
-0.842 4.261 8.58 10
-0.89 4.252 8.619 10
-0.938 4.252 8.686 10
-0.967 4.232 8.714 11
-0.948 4.194 8.724 10
-0.919 4.194 8.705 9
-0.948 4.213 8.734 10
-0.948 4.232 8.734 11
-0.909 4.271 8.724 10
-0.852 4.299 8.619 9
-0.861 4.309 8.647 10
-0.881 4.319 8.695 11
-0.9 4.347 8.676 10
-0.89 4.347 8.638 9
-0.881 4.328 8.609 10
-0.852 4.29 8.647 11
-0.833 4.271 8.753 9
-0.842 4.242 8.877 11
-0.823 4.194 9.03 9
-0.814 4.175 9.126 11
-0.823 4.213 9.155 10
-0.871 4.271 9.03 9
-0.9 4.29 8.925 10
-0.9 4.338 8.848 10
-0.909 4.338 8.877 10
-0.938 4.29 8.935 10
-0.881 4.29 8.944 10
-0.852 4.271 8.916 10
-0.823 4.261 8.868 10
-0.804 4.29 8.81 10
-0.785 4.28 8.781 10
-0.756 4.261 8.762 10
-0.756 4.213 8.791 10
-0.766 4.213 8.906 11
-0.785 4.242 8.935 10
-0.804 4.242 8.877 9
-0.766 4.271 8.82 11
-0.785 4.252 8.724 10
-0.804 4.252 8.686 9
-0.804 4.223 8.686 10
-0.785 4.185 8.772 10
-0.756 4.185 8.791 10
-0.746 4.194 8.753 10
-0.766 4.194 8.695 10
-0.794 4.194 8.667 11
-0.775 4.204 8.657 9
-0.814 4.194 8.647 10
-0.9 4.223 8.609 10
-0.948 4.28 8.638 11
-0.756 4.194 8.743 10
-0.746 4.146 8.868 9
-0.737 4.242 8.848 10
-0.737 4.28 8.734 10
-0.746 4.261 8.638 11
-0.708 4.271 8.609 9
-0.689 4.271 8.638 10
-0.708 4.232 8.705 10
-0.746 4.194 8.82 10
-0.737 4.127 8.887 10
-0.708 4.098 8.906 10
-0.679 4.098 8.935 10
-0.651 4.089 8.954 10
-0.737 4.07 8.954 10
-0.833 4.098 9.011 10
-0.842 4.156 8.896 10
-0.833 4.185 8.705 10
-0.785 4.271 8.552 10
-0.746 4.309 8.542 10
-0.737 4.319 8.676 11
-0.746 4.29 8.82 9
-0.756 4.28 8.858 10
-0.775 4.309 8.829 10
-0.833 4.338 8.801 10
-0.852 4.376 8.734 11
-0.814 4.367 8.638 9
-0.756 4.376 8.638 10
-0.746 4.357 8.753 10
-0.766 4.28 8.906 10
-0.766 4.223 9.03 10
-0.746 4.165 9.117 10
-0.746 4.185 9.088 10
-0.794 4.223 8.944 11
-0.833 4.261 8.848 10
-0.928 4.271 8.791 9
-0.948 4.271 8.724 10
-0.995 4.271 8.762 10
-0.986 4.261 8.619 10
-0.986 4.232 8.609 11
-0.881 4.204 8.599 9
-0.871 4.127 8.714 10
-0.861 4.213 8.647 11
-0.746 4.28 8.609 9
-0.651 4.299 8.695 11
-0.497 4.223 8.714 9
-0.526 4.146 8.609 11
-0.565 4.213 8.638 10
-0.775 4.012 8.015 9
-0.277 4.376 8.561 10
-0.181 4.481 9.136 11
-0.344 4.319 9.193 10
-0.44 4.098 9.097 9
-0.497 4.012 9.04 11
-0.555 4.127 9.002 9
-0.526 4.175 8.925 11
-0.574 4.165 8.935 9
-0.67 4.146 8.954 10
-0.718 4.098 8.954 11
-0.488 4.127 9.251 9
-0.44 4.185 9.222 10
-0.555 4.185 8.868 10
-0.603 4.204 8.59 10
-0.593 4.271 8.609 10
-0.584 4.261 8.81 10
-0.584 4.232 8.944 10
-0.679 4.185 9.088 10
-0.708 4.165 9.059 10
-0.679 4.194 8.935 10
-0.641 4.252 8.705 11
-0.612 4.347 8.552 10
-0.555 4.309 8.542 10
-0.536 4.29 8.743 10
-0.526 4.223 8.81 9
-0.469 4.165 8.839 10
-0.44 4.156 8.791 10
-0.459 4.185 8.714 10
-0.565 4.204 8.609 11
-0.622 4.194 8.561 9
-0.699 4.185 8.379 11
-0.555 4.261 8.59 9
-0.478 4.299 8.753 10
-0.45 4.28 8.829 10
-0.478 4.223 8.877 10
-0.459 4.232 8.973 11
-0.488 4.213 9.04 9
-0.517 4.185 9.03 10
-0.603 4.213 9.03 10
-0.66 4.204 8.963 10
-0.66 4.204 8.848 10
-0.603 4.204 8.734 10
-0.536 4.242 8.676 10
-0.526 4.271 8.638 10
-0.526 4.271 8.647 11
-0.574 4.28 8.686 10
-0.603 4.252 8.705 9
-0.555 4.271 8.724 10
-0.593 4.29 8.724 10
-0.622 4.299 8.638 10
-0.651 4.328 8.58 10
-0.632 4.328 8.599 10
-0.545 4.309 8.743 10
-0.507 4.299 8.848 10
-0.478 4.299 8.954 10
-0.545 4.309 8.944 10
-0.565 4.299 8.791 10
-0.517 4.29 8.762 11
-0.497 4.299 8.877 9
-0.565 4.261 8.983 10
-0.612 4.194 9.021 11
-0.622 4.185 8.925 10
-0.565 4.252 8.81 9
-0.545 4.29 8.695 10
-0.526 4.299 8.647 10
-0.536 4.299 8.705 10
-0.584 4.271 8.81 10
-0.555 4.223 8.868 10
-0.574 4.232 8.906 10
-0.632 4.223 8.935 10
-0.641 4.223 8.858 10
-0.641 4.252 8.781 10
-0.641 4.261 8.714 10
-0.622 4.29 8.724 10
-0.584 4.28 8.791 10
-0.584 4.271 8.896 10
-0.612 4.242 8.925 10
-0.622 4.252 8.887 10
-0.593 4.29 8.772 10
-0.545 4.271 8.638 10
-0.536 4.299 8.59 10
-0.545 4.29 8.647 10
-0.545 4.29 8.695 10
-0.565 4.242 8.753 10
-0.565 4.213 8.868 10
-0.612 4.185 8.925 10
-0.651 4.185 8.868 11
-0.632 4.194 8.753 9
-0.612 4.204 8.647 10
-0.584 4.252 8.686 11
-0.593 4.213 8.753 9
-0.584 4.156 8.791 10
-0.632 4.137 8.772 10
-0.66 4.175 8.724 10
-0.67 4.194 8.676 10
-0.66 4.223 8.657 10
-0.679 4.232 8.667 10
-0.66 4.261 8.657 10
-0.584 4.232 8.762 10
-0.612 4.213 8.829 10
-0.679 4.223 8.887 10
-0.756 4.242 8.896 10
-0.746 4.271 8.868 10
-0.689 4.299 8.762 10
-0.565 4.328 8.714 11
-0.545 4.271 8.753 9
-0.545 4.204 8.82 10
-0.708 4.165 9.088 10
-0.746 4.146 9.174 10
-0.708 4.098 9.059 10
-0.593 4.137 8.848 10
-0.565 4.194 8.686 10
-0.612 4.232 8.676 10
-0.651 4.223 8.724 10
-0.746 4.194 8.772 10
-0.842 4.137 8.81 10
-0.823 4.108 8.829 10
-0.727 4.098 8.868 10
-0.651 4.098 8.81 10
-0.612 4.089 8.762 10
-0.66 4.098 8.801 10
-0.699 4.127 8.858 10
-0.718 4.146 8.906 10
-0.785 4.137 8.935 10
-0.823 4.175 8.868 10
-0.785 4.194 8.781 10
-0.737 4.213 8.724 11
-0.708 4.232 8.753 9
-0.718 4.204 8.762 10
-0.718 4.185 8.801 10
-0.679 4.175 8.829 11
-0.727 4.156 8.896 9
-0.756 4.165 8.935 10
-0.823 4.156 8.916 10
-0.852 4.194 8.887 10
-0.823 4.204 8.801 10
-0.842 4.213 8.753 10
-0.823 4.232 8.772 10
-0.804 4.213 8.81 10
-0.737 4.194 8.829 10
-0.67 4.204 8.791 10
-0.66 4.165 8.781 10
-0.67 4.156 8.829 10
-0.708 4.156 8.877 10
-0.727 4.146 8.935 10
-0.708 4.146 8.877 10
-0.708 4.108 8.848 11
-0.718 4.108 8.839 9
-0.718 4.118 8.839 10
-0.584 4.118 8.772 10
-0.593 4.098 8.781 11
-0.67 4.108 8.81 9
-0.708 4.137 8.791 10
-0.708 4.137 8.781 10
-0.708 4.108 8.772 10
-0.699 4.118 8.781 10
-0.708 4.118 8.801 10
-0.679 4.127 8.801 10
-0.727 4.06 8.848 10
-0.689 4.031 8.848 10
-0.67 4.031 8.877 10
-0.641 4.079 8.858 10
-0.708 4.07 8.887 10
-0.756 4.089 8.906 10
-0.775 4.089 8.906 10
-0.775 4.118 8.906 10
-0.766 4.118 8.896 10
-0.746 4.089 8.935 10
-0.775 4.108 8.954 10
-0.727 4.156 8.801 10
-0.718 4.194 8.753 10
-0.785 4.232 8.743 10
-0.679 4.213 8.705 10
-0.679 4.194 8.705 10
-0.718 4.223 8.82 10
-0.766 4.185 8.877 10
-0.833 4.185 8.829 10
-0.804 4.223 8.695 10
-0.785 4.194 8.667 10
-0.794 4.223 8.628 10
-0.919 4.213 8.791 10
-0.948 4.156 8.896 10
-0.948 4.031 8.858 10
-0.919 4.031 8.801 10
-0.842 4.079 8.743 10
-0.756 4.127 8.743 10
-0.67 4.146 8.714 10
-0.699 4.146 8.82 10
-0.718 4.165 8.925 10
-0.689 4.098 8.829 10
-0.756 4.022 8.858 10
-0.746 4.003 8.877 10
-0.737 4.041 9.069 10
-0.766 4.07 9.299 10
-0.727 4.012 9.232 10
-0.679 4.022 9.05 11
-0.612 4.07 8.887 9
-0.622 4.146 8.772 10
-0.727 4.137 8.753 10
-0.727 4.041 8.686 11
-0.679 3.983 8.638 9
-0.651 3.974 8.628 11
-0.584 4.031 8.58 9
-0.565 4.041 8.686 10
-0.555 3.993 8.839 10
-0.622 3.936 8.801 10
-0.584 3.907 8.753 11
-0.565 3.964 8.695 9
-0.622 4.031 8.628 10
-0.66 4.012 8.647 11
-0.67 3.964 8.676 9
-0.651 4.003 8.724 10
-0.632 4.041 8.801 10
0.038 3.888 8.743 11
-0.976 4.089 9.069 9
-1.015 4.031 9.021 10
-0.871 3.993 9.078 10
-0.823 3.955 8.925 10
-0.689 3.945 8.81 10
-0.565 4.06 8.59 10
-0.584 4.213 8.37 10
-0.632 4.299 8.456 10
-0.517 4.223 8.734 10
-0.545 3.936 8.963 10
-1.139 3.667 9.576 11
-1.11 3.869 9.557 9
-0.881 4.108 9.059 11
-0.622 4.204 8.638 9
-0.526 4.185 8.456 11
-0.45 4.146 8.418 10
-0.469 4.089 8.599 9
-0.517 4.07 8.791 10
0.019 4.05 8.829 10
-0.632 4.175 9.03 10
-0.727 4.089 8.896 10
-0.526 3.983 8.916 11
-0.689 4.031 8.916 9
-0.641 4.108 9.011 10
-0.737 4.05 9.002 10
-0.861 3.945 8.935 10
-0.919 3.888 8.954 10
-0.89 3.897 8.944 10
-0.89 3.916 8.935 10
-0.804 3.897 8.829 10
-0.641 3.916 8.829 10
-0.488 3.907 8.858 10
-0.411 3.811 8.916 10
-0.44 3.744 8.916 10
-0.478 3.696 8.973 11
-0.517 3.62 9.011 9
-0.612 3.505 8.963 11
-0.632 3.428 8.781 10
-0.612 3.409 8.571 9
-0.584 3.457 8.293 10
-0.66 3.457 7.958 10
-0.737 3.466 7.642 10
-0.718 3.466 7.335 10
-0.679 3.447 7.326 10
-0.737 3.323 7.575 11
-0.823 3.064 7.766 10
-0.871 2.911 7.987 9
-0.919 2.892 8.226 11
-1.11 2.892 8.628 10
-1.599 2.978 9.165 9
-2.24 3.284 9.682 10
-2.422 3.677 10.266 10
-2.116 4.175 11.07 10
-1.656 4.692 11.731 11
-1.369 5.142 12.507 9
-1.244 5.343 13.445 11
-1.063 5.104 14.863 10
-0.995 4.596 16.309 10
-0.89 4.012 17.305 9
-0.938 3.39 16.903 10
-0.153 3.102 16.95 11
0.076 3.84 15.571 9
0.727 5.094 13.781 10
1.331 6.512 11.712 10
1.762 7.651 9.701 11
2.145 7.929 8.063 9
2.968 7.843 7.192 11
1.762 6.77 7.489 9
0.478 5.286 7.01 10
-0.536 4.127 6.818 10
-1.484 3.533 6.426 10
-2.489 3.236 5.803 10
-3.323 3.399 5.372 10
-3.773 3.198 4.951 11
-4.031 2.92 5.142 9
-4.031 2.691 5.497 10
-4.089 2.47 6.071 10
-3.658 2.26 6.569 10
-1.953 1.934 6.962 11
-0.277 2.097 7.307 9
0.229 2.375 7.287 10
0.756 2.231 6.924 10
0.766 1.857 6.675 10
0.775 1.628 6.349 10
0.775 1.532 6.186 10
0.421 1.465 6.023 10
-0.009 1.426 5.755 11
-0.392 1.388 5.133 9
-0.258 1.273 4.357 11
0.057 1.292 3.581 9
0.43 1.292 3.189 10
0.21 1.541 3.131 11
-0.239 1.561 3.371 9
-0.507 1.254 3.916 11
-1.13 1.321 5.008 9
-1.877 1.359 6.397 10
-2.442 1.628 7.527 11
-2.039 1.829 8.925 10
-0.861 1.819 10.812 9
0.325 1.905 12.852 10
0.852 2.652 15.485 10
-0.229 3.466 17.046 10
-1.177 4.434 17.985 10
-0.507 4.999 18.157 10
1.589 6.761 18.262 11
2.901 6.962 18.598 9
3.045 6.579 18.09 10
2.643 6.569 17.64 10
1.34 6.406 16.931 10
0.124 6.1 15.629 10
0.162 5.679 14.135 10
0.517 4.826 12.995 11
0.411 3.38 12.392 9
-0.316 2.173 12.133 10
-1.254 1.465 11.817 11
-2.221 1.292 11.3 9
-2.92 1.647 10.228 10
-3.438 2.02 8.973 11
-3.275 2.758 7.259 9
-2.806 3.629 5.736 11
-2.384 4.07 3.878 9
-1.752 4.271 2.748 10
-0.986 4.386 2.078 10
-0.373 4.338 1.896 10
-0.239 4.012 1.944 10
-0.229 3.533 2.327 11
-0.612 3.256 2.92 10
0.239 2.882 3.275 9
-0.067 2.614 3.591 10
-0.603 2.432 4.07 11
-1.043 2.298 4.271 9
-1.407 2.087 4.367 10
-1.254 1.857 4.347 10
-0.928 1.752 4.29 10
-0.775 1.771 4.118 10
-0.699 1.848 4.079 10
-0.986 1.896 4.319 10
-1.407 2.011 4.759 11
-1.637 1.972 5.19 9
-1.685 2.039 5.841 11
-1.599 2.308 6.761 9
-1.34 2.566 8.073 11
-1.235 2.403 10.055 10
-1.79 1.848 13.359 9
-1.963 1.417 17.027 11
-4.481 1.331 19.785 9
-4.951 2.71 20.599 11
-3.801 4.539 20.245 9
-1.877 6.598 18.617 10
0.421 8.791 17.247 11
1.848 9.758 16.998 9
1.455 9.299 17.017 10
0.143 9.27 17.448 11
-1.197 9.95 18.157 10
-2.959 10.141 17.554 10
-4.252 9.375 15.093 9
-4.156 8.743 11.846 11
-3.198 8.398 9.318 9
-3.035 7.249 7.594 10
-3.715 5.592 6.742 10
-4.319 4.022 5.937 10
-4.501 2.968 5.372 11
-4.261 2.231 4.903 9
-3.696 1.896 4.501 11
-2.671 1.829 4.098 10
-1.656 2.039 3.658 9
-0.995 2.518 2.911 10
-0.66 2.94 2.403 11
0.086 3.485 1.982 10
0.277 3.888 2.078 9
0.201 4.06 2.806 10
-0.153 3.811 3.687 10
-0.373 3.093 3.916 10
-0.708 2.47 3.533 11
-0.651 2.03 2.863 9
-0.497 2.001 2.24 10
-0.612 2.317 1.637 11
-0.411 2.394 1.072 9
-0.268 2.451 0.526 11
-0.086 2.528 0.277 9
-0.105 2.614 0.306 10
-0.488 2.585 0.584 10
-0.938 2.451 1.292 10
-1.197 2.346 1.982 11
-1.561 2.308 2.806 9
-1.819 2.145 4.079 10
-2.078 2.068 5.736 11
-2.786 2.432 7.776 9
-3.418 3.016 10.007 10
-3.093 3.572 12.258 10
-2.317 4.232 15.064 11
-1.541 5.401 18.579 9
-1.312 6.646 22.103 10
-2.901 7.469 26.135 10
-3.926 7.795 29.075 10
-5.037 7.671 31.086 11
-5.88 7.268 30.597 9
-6.1 8.236 28.289 11
-5.181 10.247 25.091 9
-4.491 12.047 20.59 10
-4.472 12.813 16.165 10
-4.012 12.65 11.875 11
-2.834 11.884 8.992 9
-2.26 10.074 7.556 11
-2.978 7.642 7.508 9
-3.936 5.305 7.738 10
-4.395 3.677 7.805 10
-4.319 2.614 7.441 10
-4.118 2.25 6.809 10
-4.041 2.231 5.803 10
-3.907 2.442 4.903 11
-3.466 2.777 3.83 9
-2.748 3.055 2.882 10
-2.298 3.074 2.202 10
-0.708 2.959 1.465 10
0.124 2.834 0.995 10
0.248 2.71 0.737 10
0.593 2.394 0.383 10
0.718 2.154 0.239 11
0.67 1.982 0.181 9
0.268 1.848 0.526 11
-0.22 1.733 1.206 10
-0.651 1.561 1.771 10
-0.737 1.35 2.126 9
-0.641 1.091 2.432 10
-0.488 0.9 2.595 10
-0.344 0.756 2.566 10
0.047 0.641 2.384 11
0.201 0.641 2.164 9
0.268 0.565 2.001 10
0.019 0.536 1.982 10
-0.43 0.545 2.183 10
-1.063 0.545 2.662 10
-1.656 0.517 3.102 10
-2.719 0.526 3.782 11
-3.189 0.67 4.836 9
-3.687 0.699 5.64 11
-3.658 0.555 7.24 10
-3.112 0.909 8.772 10
-2.279 2.106 10.419 9
-1.599 4.347 12.105 10
-1.139 6.895 12.842 10
-0.689 10.026 13.407 10
0.0 10.965 16.165 10
-0.641 8.14 20.772 10
-1.628 6.339 24.516 10
-1.867 6.665 27.447 10
-1.436 7.489 27.6 10
-1.11 8.896 26.144 11
-1.666 9.27 22.505 9
-1.359 9.672 17.554 10
-1.417 10.103 13.876 11
-2.968 9.528 11.674 9
-5.19 8.111 9.691 10
-6.924 6.856 8.427 10
-8.034 5.908 7.872 10
-8.025 4.884 8.111 10
-6.856 3.677 9.251 10
-5.324 2.873 10.745 10
-4.031 2.47 11.789 10
-3.361 2.413 11.702 11
-2.489 2.671 10.879 10
-1.551 3.007 9.624 10
-0.555 3.227 7.9 9
0.095 3.284 6.349 11
0.497 3.313 4.692 10
0.411 3.323 3.725 10
1.302 3.189 2.24 9
0.794 3.083 1.321 11
0.459 2.92 0.45 10
0.143 2.911 0.0 9
-0.057 2.729 -0.268 10
-0.545 2.7 -0.392 10
-1.216 2.537 -0.248 10
-1.369 2.173 0.105 10
-1.254 1.829 0.641 11
-0.718 1.541 1.034 9
-0.057 1.312 1.398 10
0.507 1.11 1.685 11
0.842 0.948 2.059 9
0.699 0.986 2.566 11
0.22 1.158 3.055 10
-0.316 1.359 4.089 9
-0.814 1.503 5.746 10
-1.292 1.857 8.236 10
-1.8 2.317 10.467 10
-2.738 2.93 13.196 11
-3.112 3.725 15.801 9
-4.558 6.09 18.579 10
-2.863 8.111 19.776 10
-2.183 10.975 21.959 11
-1.532 10.247 26.556 9
-2.116 7.383 30.195 11
-1.896 6.636 31.478 9
-0.689 8.073 31.565 10
-0.057 8.628 29.621 10
0.086 8.255 24.966 10
0.383 8.532 20.245 11
0.823 8.743 15.887 9
0.584 7.872 12.852 11
-0.842 6.014 11.051 10
-2.26 4.357 9.988 9
-3.15 3.303 8.695 11
-4.041 2.758 7.431 9
-3.6 3.007 5.43 10
-3.294 3.581 3.658 10
-3.562 4.309 2.212 11
-2.25 4.692 0.565 9
-0.909 4.702 -1.379 10
-0.363 4.826 -2.24 11
-0.067 4.807 -2.537 9
1.13 4.031 -2.384 11
1.197 3.505 -0.833 9
0.775 2.911 0.814 10
0.22 1.963 2.298 11
-0.067 1.436 3.418 10
-0.354 1.12 3.533 9
-0.89 0.986 3.667 10
-1.11 0.89 3.447 10
-0.986 0.928 3.016 10
-0.679 0.967 2.604 11
-0.43 0.909 2.154 9
-0.316 0.737 1.647 10
-0.038 0.517 1.369 10
0.392 0.44 1.254 10
0.488 0.459 1.12 11
0.22 0.507 0.986 10
-0.258 0.574 0.66 9
-0.775 0.727 0.536 10
-1.426 1.139 0.565 10
-1.953 1.484 0.612 10
-2.24 1.781 0.555 10
-2.25 1.886 0.909 10
-2.183 1.924 3.045 10
-1.924 2.48 6.378 10
-2.231 3.351 10.362 11
-3.083 4.271 13.637 9
-4.204 6.655 15.907 10
-3.035 9.624 16.529 10
-0.545 12.105 17.63 10
1.857 11.329 21.643 11
2.882 7.9 26.929 10
3.476 5.669 31.009 10
4.194 5.477 33.499 9
3.303 6.062 31.967 10
1.398 5.765 29.678 10
1.158 5.659 26.805 10
0.421 5.793 22.735 10
-1.005 6.32 17.793 10
-5.966 6.751 11.923 10
-8.408 6.071 7.182 11
-10.39 4.721 6.1 10
-10.534 3.236 7.125 9
-8.561 2.633 9.538 10
-5.746 2.748 11.722 10
-3.313 2.892 12.066 10
-1.197 2.949 11.463 10
0.248 3.102 10.419 11
1.034 3.342 8.781 10
2.183 3.371 6.617 9
2.461 3.361 4.319 11
2.604 3.303 2.959 10
2.403 2.968 1.551 9
1.742 2.509 0.976 10
1.321 2.087 0.794 10
0.536 1.972 0.861 10
-0.363 1.857 0.995 11
-0.833 1.656 0.986 9
-1.11 1.407 0.948 10
-1.053 1.13 0.938 10
-0.612 0.708 0.976 11
-0.076 0.258 0.766 9
0.478 -0.057 0.938 10
0.881 -0.124 0.881 11
1.053 -0.134 0.383 10
0.67 -0.095 0.057 9
0.153 -0.248 -0.344 11
-0.153 -0.411 -0.593 9
-0.536 -0.383 -0.45 10
-0.679 -0.296 0.028 10
-0.603 -0.019 1.235 11
-0.277 0.028 1.838 9
-0.363 0.335 2.652 10
0.306 1.158 2.806 10
0.823 3.179 3.026 10
1.206 5.401 5.075 10
0.785 7.805 8.207 10
0.833 10.084 9.816 10
2.011 11.137 12.124 10
3.524 12.028 15.236 10
3.064 10.955 19.632 10
3.39 9.902 24.842 10
3.007 9.375 28.72 11
4.194 8.437 31.555 10
1.139 8.427 32.647 9
1.484 8.197 30.971 10
2.796 8.418 27.523 10
3.505 8.245 23.262 10
2.92 7.536 19.287 11
1.177 6.895 15.591 9
-1.053 6.55 12.746 11
-3.782 6.157 10.601 9
-5.87 6.033 9.538 11
-6.943 5.688 9.097 9
-6.464 4.893 8.848 10
-4.96 4.098 8.829 10
-3.399 3.361 8.571 11
-1.819 2.92 7.881 9
-0.689 2.786 6.981 10
0.086 2.729 6.186 10
0.555 2.652 5.544 10
0.986 2.662 4.845 10
1.283 2.729 4.041 11
1.484 2.806 3.246 10
1.599 2.834 2.729 9
1.446 2.566 2.24 11
1.12 2.25 1.905 10
0.823 1.905 1.733 9
0.526 1.561 1.771 10
0.143 1.369 1.675 10
-0.21 1.273 1.474 10
-0.459 1.235 1.11 10
-0.651 1.206 0.689 11
-0.727 1.197 0.392 9
-0.612 1.13 0.239 11
-0.584 0.976 0.325 10
-0.737 0.67 0.737 9
-0.861 0.258 1.35 10
-1.158 -0.114 2.03 10
-1.484 -0.43 2.442 10
-1.647 -0.459 2.796 10
-1.704 -0.373 3.217 10
-1.752 -0.143 3.936 11
-1.944 0.009 4.979 9
-2.173 -0.028 6.234 10
-2.375 0.363 7.536 11
-2.93 1.829 9.107 10
-3.361 3.849 10.563 9
-3.16 6.186 12.832 10
-3.141 8.312 16.357 11
-3.476 10.18 21.595 9
-4.414 10.591 27.178 11
-6.081 9.701 30.99 9
-6.952 9.394 31.986 11
-5.908 10.898 30.54 10
-3.715 12.852 27.36 9
-1.312 14.279 22.84 11
0.44 14.652 18.291 10
1.599 14.403 14.211 9
1.79 13.445 12.057 10
0.852 11.042 11.118 11
-0.536 7.91 10.754 10
-1.656 5.181 10.113 9
-2.767 2.873 9.586 11
-3.801 1.206 9.797 10
-4.884 0.038 10.668 9
-5.228 -0.373 11.137 11
-4.865 -0.373 10.39 9
-3.83 0.076 8.944 10
-2.221 0.794 7.048 10
-0.689 1.465 5.267 11
0.574 1.877 3.648 9
1.455 2.03 2.317 10
2.068 1.982 1.273 11
2.47 1.915 0.584 10
2.671 1.838 0.239 9
2.652 1.781 0.134 10
2.25 1.752 0.162 10
1.417 1.618 0.277 10
0.517 1.465 0.565 10
-0.086 1.35 0.794 10
-0.574 1.216 1.053 10
-0.775 0.967 1.206 10
-0.718 0.632 1.436 10
-0.526 0.459 1.733 10
-0.469 0.469 1.991 11
-0.488 0.497 1.991 9
-0.555 0.632 1.924 10
-0.804 0.737 2.164 10
-1.13 0.919 2.662 10
-1.35 0.986 3.323 10
-1.493 1.005 4.108 10
-2.106 1.244 5.142 10
-3.055 1.695 5.956 11
-3.897 2.126 6.713 10
-4.376 2.604 8.063 9
-4.347 3.495 10.046 10
-3.811 4.702 12.919 11
-2.719 7.153 15.782 10
-1.723 10.917 17.142 9
-0.507 14.834 19.182 10
-2.039 15.926 22.237 11
-2.949 13.618 24.746 10
-2.068 13.101 25.627 9
-0.478 14.317 26.259 11
-0.823 14.01 25.684 9
-1.005 13.014 22.792 11
-0.124 12.583 19.191 10
0.727 11.875 15.897 9
0.842 9.979 14.231 10
-0.134 7.374 13.608 10
-1.781 5.353 13.397 10
-3.639 3.706 12.938 10
-4.874 2.624 11.731 10
-5.506 2.288 9.902 11
-5.765 2.518 8.101 9
-5.602 2.94 6.224 10
-4.635 3.399 4.587 10
-3.045 3.706 2.834 10
-1.455 3.821 1.436 10
-0.047 3.801 0.354 10
0.89 3.734 -0.258 11
1.656 3.572 -0.67 9
1.637 3.438 -0.871 10
1.465 3.189 -0.976 10
1.149 2.806 -0.775 11
0.756 2.413 -0.421 9
0.306 2.068 0.153 10
-0.44 1.944 0.804 10
-0.976 1.896 1.398 10
-0.995 1.838 1.685 10
-0.718 1.742 1.647 10
-0.344 1.695 1.331 10
0.019 1.666 0.948 10
0.134 1.656 0.861 10
0.057 1.666 0.909 11
-0.21 1.637 0.948 10
-0.565 1.532 1.11 9
-0.967 1.503 1.388 10
-1.503 1.513 1.723 10
-2.049 1.455 2.059 10
-2.48 1.446 2.47 10
-2.815 1.685 2.968 10
-3.045 2.001 3.715 10
-3.179 2.135 4.673 10
-3.371 2.336 5.975 10
-3.351 2.901 8.542 11
-2.94 4.769 11.415 10
-2.652 7.776 13.091 10
-2.212 11.501 13.283 9
-2.145 16.127 13.771 11
-0.45 18.071 17.266 9
0.019 15.533 20.992 10
-0.028 12.038 24.631 10
-0.095 10.783 28.414 10
-0.814 10.448 29.86 10
-1.532 10.046 28.213 11
-1.829 9.528 25.321 9
-1.541 8.532 22.199 10
-1.369 7.326 19.182 10
-1.455 6.224 16.309 11
-1.695 5.458 13.733 9
-1.905 5.046 11.214 10
-2.02 4.855 9.145 11
-2.336 4.405 7.958 9
-2.384 3.878 8.322 11
-2.087 3.562 9.088 9
-1.944 3.208 9.04 11
-1.848 3.035 8.619 9
-1.532 3.112 7.833 10
-0.871 3.351 6.569 11
-0.201 3.524 5.104 9
0.335 3.6 3.648 10
0.67 3.61 2.557 11
0.497 3.667 1.714 9
0.967 3.227 1.12 11
0.814 2.92 0.881 9
0.737 2.614 0.881 11
0.335 2.422 1.216 10
0.612 1.953 1.369 9
0.287 1.752 1.589 10
-0.019 1.628 1.752 10
-0.277 1.561 1.867 10
-0.565 1.493 1.838 10
-0.842 1.388 1.781 10
-1.015 1.168 1.599 10
-1.024 0.9 1.254 10
-0.871 0.593 0.928 10
-0.833 0.316 0.756 10
-1.091 0.172 0.699 11
-1.503 0.287 0.622 9
-2.106 0.632 0.957 11
-2.231 1.063 1.513 9
-2.135 1.666 2.384 10
-2.011 2.308 3.428 10
-1.608 3.035 5.161 10
-1.532 4.443 7.833 10
-1.896 6.876 10.706 11
-1.953 10.055 13.618 10
-2.882 14.336 17.535 9
-3.169 16.05 21.758 10
-4.606 15.026 26.68 10
-3.983 13.733 29.094 10
-1.589 14.47 29.506 11
0.373 15.667 28.423 9
1.838 15.801 24.698 10
2.853 15.926 20.293 10
3.418 16.146 16.816 11
2.815 14.566 15.275 10
0.833 11.214 14.633 10
-1.379 8.188 14.652 9
-3.6 5.717 14.681 11
-5.066 4.098 14.039 10
-5.688 3.093 12.44 9
-5.995 2.509 10.869 11
-5.746 2.394 8.868 10
-5.094 2.528 7.278 9
-4.022 2.643 5.506 11
-2.758 2.729 3.821 10
-1.426 2.853 2.193 10
-0.689 3.093 1.149 9
0.383 2.93 0.277 10
0.766 2.959 -0.229 10
1.015 2.892 -0.641 10
1.139 2.681 -0.814 10
1.264 2.365 -1.177 10
1.063 2.116 -1.206 10
0.593 1.982 -1.13 10
0.565 1.742 -0.89 10
-0.028 1.723 -0.622 10
-0.488 1.762 -0.45 11
-0.612 1.666 -0.421 9
-0.584 1.465 -0.45 11
-0.411 1.283 -0.354 9
-0.229 1.13 -0.239 10
-0.411 1.101 -0.028 10
-0.316 0.804 0.153 10
-0.593 0.699 0.44 10
-0.852 0.679 0.679 10
-1.082 0.679 1.015 10
-1.283 0.622 1.685 11
-1.417 0.814 2.461 9
-1.465 1.369 3.409 10
-1.733 2.039 4.405 10
-2.288 2.93 5.87 10
-2.758 4.127 8.216 11
-2.269 5.803 10.534 9
-3.543 8.58 12.162 10
-2.26 12.172 13.196 11
-1.924 16.95 15.849 9
-0.718 17.889 21.308 11
-1.465 14.757 26.479 10
-1.398 12.306 29.774 9
0.248 13.034 31.344 10
1.158 14.48 30.157 10
1.254 14.47 25.522 10
1.551 14.767 20.647 10
2.135 14.719 17.094 11
1.58 12.823 15.284 9
-0.383 9.921 14.346 11
-2.346 7.565 13.733 10
-4.041 5.726 12.823 10
-5.056 4.616 11.185 9
-5.43 3.993 8.762 10
-5.286 3.754 6.569 10
-4.97 3.725 4.807 10
-4.29 3.782 3.476 10
-3.227 3.773 2.164 10
-2.145 3.744 1.149 10
-1.063 3.543 0.593 10
-0.162 3.284 0.44 10
0.651 2.901 0.584 11
0.986 2.566 0.785 10
1.072 2.336 1.053 9
1.082 2.087 1.254 10
1.043 1.905 1.398 11
0.986 1.886 1.455 9
0.67 1.944 1.359 11
0.383 2.087 1.206 9
0.258 2.317 1.034 11
0.105 2.384 0.919 10
0.0 2.308 0.545 9
-0.172 2.106 0.248 10
-0.421 1.924 0.134 10
-0.699 1.857 0.229 10
-1.015 1.762 0.335 10
-1.407 1.695 0.632 10
-1.877 1.695 0.986 10
-2.106 1.704 1.58 11
-2.384 1.867 2.384 9
-2.968 2.154 3.294 10
-3.61 2.47 4.242 11
-3.869 2.748 5.765 9
-3.552 3.361 7.575 10
-2.777 4.692 9.691 10
-1.656 6.627 11.511 11
-0.114 9.873 13.378 10
0.976 13.675 15.504 9
1.953 16.184 19.891 10
0.957 14.7 24.574 11
-0.727 11.473 27.772 9
-1.321 10.16 29.544 11
-1.321 11.118 29.573 10
-1.072 12.229 26.594 9
-0.823 13.158 21.452 10
-0.344 13.991 17.257 10
-0.258 13.273 14.662 10
-2.652 11.511 14.116 10
-4.893 9.088 13.57 10
-6.607 7.364 12.65 11
-8.293 5.813 11.224 9
-8.264 4.73 9.394 10
-7.852 3.907 7.642 11
-7.153 3.303 6.167 10
-6.215 2.892 4.951 9
-5.334 2.748 4.003 11
-4.299 2.738 3.045 9
-3.38 2.806 2.126 10
-2.135 2.796 1.225 10
-1.417 2.729 0.545 11
-0.861 2.643 0.114 10
0.229 2.461 -0.028 9
0.632 2.308 -0.21 11
0.708 2.145 -0.105 10
0.555 1.963 0.047 10
0.191 1.886 0.248 9
0.258 1.723 0.038 10
0.134 1.829 0.086 10
0.153 1.934 0.038 10
0.153 2.049 0.047 10
0.028 2.087 0.038 10
-0.316 2.059 0.038 10
-0.67 1.924 0.019 11
-1.034 1.79 0.057 9
-1.455 1.733 0.325 10
-1.915 1.695 0.881 11
-2.212 1.781 1.398 9
-2.509 1.963 1.867 10
-2.901 2.279 2.394 10
-3.533 2.566 2.863 10
-3.945 2.94 2.93 10
-3.658 3.351 3.236 10
-2.671 4.098 4.079 10
-1.292 5.382 6.205 10
-0.536 7.354 9.097 10
-0.679 10.534 11.425 10
-1.666 13.886 12.603 10
-2.671 16.922 13.713 10
-3.418 18.253 15.428 11
-3.936 17.295 17.697 10
-3.696 16.232 19.9 9
-2.796 15.696 21.844 10
-3.093 15.045 23.769 10
-2.968 14.326 23.558 11
-2.681 14.279 21.662 9
-1.771 14.767 19.124 10
-1.493 14.556 17.171 10
-2.02 12.852 15.954 10
-2.509 10.668 14.556 10
-3.955 8.916 14.001 10
-4.596 7.374 12.555 10
-5.477 6.349 10.955 10
-6.157 5.41 9.241 11
-6.684 4.654 7.671 9
-7.029 4.07 6.148 10
-6.866 3.581 4.826 10
-6.129 3.236 3.533 11
-5.315 3.141 2.576 9
-3.342 2.825 1.541 10
-2.039 2.71 0.948 10
-0.44 2.432 0.593 10
0.469 2.212 0.248 10
1.043 2.145 0.344 11
2.087 1.857 0.488 10
2.346 1.714 0.584 10
2.729 1.685 0.574 9
3.179 1.695 0.517 10
3.131 1.829 0.555 11
3.562 1.628 0.574 9
2.796 1.513 0.584 10
1.982 1.273 0.689 10
1.043 1.034 1.043 11
-0.124 0.766 1.302 10
-1.082 0.507 1.561 9
-1.685 0.335 1.79 11
-1.972 0.392 1.982 10
-1.877 0.603 2.288 9
-1.675 0.833 2.518 11
-1.723 1.005 2.537 9
-2.154 1.216 2.681 10
-2.949 1.599 3.217 11
-3.983 2.24 3.782 9
-4.903 2.997 4.347 11
-5.286 3.926 5.363 10
-4.941 5.104 6.493 9
-4.012 6.962 8.169 11
-3.457 9.634 9.921 9
-4.788 13.675 11.156 10
-6.224 16.855 12.583 11
-8.159 17.496 15.543 10
-9.423 15.974 19.316 9
-8.485 15.026 21.988 10
-6.349 15.485 23.156 10
-4.606 16.108 23.357 10
-3.734 15.456 22.256 11
-2.384 14.633 19.862 9
-0.201 14.652 17.535 10
1.628 14.537 15.887 10
1.628 12.813 15.246 10
0.114 9.921 15.801 10
-1.436 7.613 16.366 10
-2.681 5.65 16.261 10
-3.658 4.223 15.284 10
-4.501 3.055 13.752 11
-5.152 2.48 12.172 9
-5.391 2.135 10.189 10
-4.941 1.991 8.169 11
-4.041 1.934 6.205 9
-3.035 1.963 4.568 10
-2.403 2.193 3.122 10
-0.536 2.02 1.819 10
0.22 2.087 1.034 10
0.555 2.087 0.612 10
1.886 1.79 0.153 11
2.087 1.685 -0.105 10
2.24 1.522 -0.22 9
2.279 1.35 -0.383 10
2.576 1.101 -0.737 10
2.537 1.015 -1.043 10
2.566 0.938 -1.283 10
2.365 0.909 -1.493 10
1.982 0.794 -1.647 10
1.446 0.632 -1.561 10
0.9 0.421 -1.283 10
0.162 0.411 -1.063 10
-0.306 0.536 -0.89 11
-0.411 0.775 -0.641 10
-0.268 0.976 -0.344 9
-0.114 1.206 -0.067 10
-0.143 1.398 0.086 10
-0.411 1.695 0.651 10
-1.005 2.116 1.628 10
-1.963 2.748 2.844 10
-2.748 3.572 4.443 10
-4.165 5.104 6.454 10
-3.964 6.789 7.967 10
-3.313 8.954 9.155 11
-3.696 12.507 9.854 9
-2.643 15.974 11.252 10
-2.873 18.76 14.135 10
-3.476 18.081 20.369 10
-4.932 15.351 26.412 10
-6.033 12.842 30.664 10
-5.928 12.373 32.685 10
-4.951 12.516 31.929 10
-4.29 12.785 28.27 11
-3.313 13.445 23.329 9
-2.269 13.445 18.923 11
-2.001 11.99 15.294 9
-2.719 9.95 13.139 10
-3.543 8.054 11.492 10
-4.75 6.722 9.682 10
-5.439 5.707 7.766 10
-6.78 4.797 6.272 10
-7.575 4.137 5.449 10
-7.402 3.428 4.893 10
-6.445 3.074 4.127 10
-5.161 2.7 3.572 10
-4.041 2.576 2.719 10
-2.882 2.509 2.48 10
-1.771 2.547 2.403 10
-1.091 2.604 2.394 10
0.45 2.422 2.154 10
0.775 2.442 2.078 10
0.967 2.422 1.934 10
1.264 2.518 1.675 10
1.13 2.7 1.484 10
1.848 2.71 0.871 10
1.848 2.633 0.373 10
1.963 2.537 0.143 10
1.79 2.327 0.277 10
1.359 2.049 0.928 10
0.708 1.8 1.618 10
0.038 1.551 2.001 10
-0.67 1.503 2.193 11
-1.359 1.714 1.934 10
-1.561 1.762 1.513 10
-1.359 1.589 1.292 9
-1.005 1.206 1.379 10
-0.842 0.756 1.685 10
-1.177 0.536 2.25 10
-1.723 0.689 2.901 10
-2.518 1.082 3.687 10
-2.738 1.493 4.06 11
-2.375 1.905 4.721 9
-1.599 2.633 6.186 10
-0.986 3.763 8.255 10
-1.264 5.832 10.486 10
-1.771 8.015 12.401 11
-1.398 9.452 14.518 10
-1.723 10.601 18.885 9
-1.024 9.71 23.903 10
-0.651 9.04 28.893 10
-0.622 9.318 31.44 11
-0.105 9.988 31.555 9
0.699 10.505 29.544 10
1.532 11.53 25.637 11
1.924 12.737 21.222 9
2.269 13.589 17.219 11
1.867 13.053 15.035 9
0.201 10.936 14.039 10
-1.666 8.676 13.618 10
-3.122 6.675 13.206 10
-3.773 5.209 12.44 10
-3.801 4.098 11.147 10
-3.562 3.495 9.682 10
-3.102 3.102 7.948 10
-2.375 2.853 6.301 10
-1.541 2.719 4.75 10
-0.986 2.844 3.505 10
-0.057 2.442 2.557 10
0.45 2.308 1.628 10
0.746 2.193 1.283 10
0.861 2.049 1.101 10
0.814 1.79 1.244 10
0.737 1.628 1.704 10
0.785 1.455 2.145 10
0.804 1.254 2.26 11
0.45 1.168 1.905 9
0.162 1.283 1.589 10
0.143 1.426 1.187 10
0.172 1.532 0.651 10
0.21 1.551 0.095 10
0.143 1.589 -0.248 11
0.45 1.35 -0.296 10
0.392 1.312 -0.057 9
0.277 1.216 0.143 10
0.114 1.063 0.517 10
-0.172 0.928 1.053 11
-0.43 0.746 1.58 9
-0.737 0.526 2.106 10
-1.197 0.114 2.729 11
-1.503 -0.344 3.342 10
-1.369 -0.66 3.888 9
-2.097 -0.967 5.027 10
-2.087 -1.005 6.675 11
-2.403 -0.948 8.37 9
-2.557 -0.699 10.228 11
-2.576 -0.354 11.875 10
-2.681 0.229 12.938 9
-4.031 1.561 13.924 10
-3.849 3.62 14.748 10
-4.903 7.134 15.629 11
-3.62 10.026 16.759 9
-3.859 12.583 18.607 10
-3.294 13.867 20.724 11
-3.026 14.575 22.917 9
-3.284 14.805 25.56 10
-4.213 13.934 27.533 10
-4.893 12.516 27.983 10
-4.778 11.501 26.815 10
-4.223 11.032 25.005 10
-3.715 10.534 23.865 10
-3.524 9.184 23.242 10
-3.849 7.489 22.438 10
-4.472 5.765 20.858 10
-4.759 4.654 18.646 10
-5.037 3.888 15.897 10
-5.391 3.39 13.148 10
-5.659 3.083 10.591 10
-5.698 2.834 8.226 10
-5.219 2.7 6.224 10
-4.654 2.882 4.616 10
-3.035 2.576 3.313 10
-2.384 2.844 2.087 10
-1.752 3.083 0.909 10
-1.11 3.102 -0.009 10
-0.172 2.825 -1.235 10
0.248 2.585 -1.58 10
0.775 2.317 -1.493 10
1.197 2.116 -1.13 10
1.244 1.934 -1.168 10
0.976 1.838 -1.053 11
0.746 1.714 -1.072 9
0.66 1.608 -1.101 10
0.689 1.465 -1.197 10
0.727 1.369 -1.292 11
0.708 1.283 -1.292 9
0.574 1.101 -1.168 10
0.383 0.909 -0.957 10
0.114 0.746 -0.804 10
-0.258 0.622 -0.727 10
-0.612 0.593 -0.622 10
-0.919 0.632 -0.325 10
-1.187 0.67 -0.019 10
-1.484 0.66 0.258 10
-1.695 0.708 0.737 10
-1.81 0.938 1.225 10
-2.011 1.369 1.915 10
-2.403 2.049 2.911 10
-3.112 2.901 4.347 10
-3.562 3.782 6.464 10
-3.505 5.027 9.117 10
-3.562 6.895 10.726 10
-2.7 9.26 12.909 10
-1.695 12.21 16.05 10
-1.005 14.192 21.174 10
-2.02 13.627 26.594 10
-3.361 12.756 29.448 10
-3.801 13.33 30.329 10
-3.447 14.604 29.352 10
-2.94 15.207 25.742 11
-2.537 15.552 20.714 9
-1.781 16.089 15.351 10
-1.407 16.089 11.722 10
-2.164 14.413 9.394 10
-3.399 11.76 8.523 10
-4.501 8.753 8.772 10
-5.094 6.406 9.414 10
-5.458 4.673 10.151 10
-5.516 3.878 10.544 10
-5.382 3.581 10.237 10
-4.97 3.6 9.126 10
-4.185 3.763 7.45 10
-3.217 3.964 5.688 10
-2.087 4.06 3.878 10
-1.082 4.079 2.499 10
-0.287 3.84 1.446 10
0.143 3.476 0.909 10
0.497 3.141 0.881 10
0.718 2.796 0.775 10
0.507 2.604 0.545 10
0.21 2.566 0.44 10
-0.038 2.604 0.287 10
-0.21 2.652 0.229 10
-0.191 2.681 0.316 10
-0.153 2.47 0.402 10
-0.038 2.078 0.574 11
0.134 1.656 0.957 10
0.114 1.254 1.436 9
-0.114 0.746 2.011 10
-0.335 0.354 2.394 10
-0.469 0.124 2.7 10
-0.612 0.076 2.652 10
-0.919 0.134 2.336 10
-0.679 -0.086 1.924 10
-0.823 -0.047 1.484 10
-0.976 0.028 1.465 11
-0.9 0.047 1.857 9
-0.861 0.028 2.499 10
-1.168 -0.067 3.169 10
-1.685 0.047 4.031 10
-2.202 0.402 5.276 10
-2.557 1.177 7.105 10
-3.074 2.413 8.772 10
-3.409 4.261 10.113 10
-2.298 7.125 10.716 11
-1.608 11.463 11.607 10
0.861 16.395 14.02 9
1.867 18.32 18.741 11
-0.22 15.638 24.631 9
-3.371 12.181 29.774 10
-5.525 10.342 34.352 10
-6.167 9.988 35.376 10
-5.679 10.448 31.938 11
-4.395 11.473 25.723 9
-1.972 13.244 18.847 10
0.383 14.518 13.704 10
1.264 14.173 10.18 10
0.44 12.564 8.418 10
-0.967 10.639 7.287 10
-2.193 8.734 6.799 10
-3.246 6.742 7.441 10
-3.869 5.133 8.494 12
-4.194 3.639 9.557 8
-4.501 2.585 10.706 10
-4.769 1.953 11.319 10
-4.797 1.503 11.195 10
-4.405 1.388 10.342 10
-3.61 1.647 8.82 10
-2.691 2.02 7.115 10
-1.733 2.24 5.315 11
-0.823 2.461 4.022 9
0.344 2.442 2.911 11
1.072 2.489 2.346 9
1.541 2.489 1.877 10
1.561 2.432 1.57 10
1.292 2.394 1.503 10
0.928 2.365 1.551 11
0.45 2.451 1.589 9
0.038 2.528 1.398 10
-0.162 2.557 1.101 11
-0.622 2.518 0.881 9
-0.258 1.972 0.517 10
-0.402 1.647 0.488 10
-0.344 1.388 0.593 10
-0.565 1.321 0.9 11
-0.392 1.053 1.11 10
-0.785 1.177 1.484 9
-1.043 1.235 1.819 11
-1.12 1.187 2.154 10
-1.158 0.986 2.614 9
-1.168 0.67 3.447 10
-1.187 0.306 4.204 11
-1.35 0.105 4.644 10
-1.58 0.258 4.989 9
-1.733 0.833 5.238 10
-1.915 1.675 6.272 10
-2.384 2.518 8.169 10
-3.141 3.342 10.649 10
-3.964 4.616 13.503 10
-4.376 7.201 15.399 10
-2.729 11.224 15.954 10
-1.369 15.437 17.439 10
-0.794 17.123 21.27 10
-1.541 15.801 25.876 10
-2.815 14.164 29.879 10
-3.351 14.192 32.436 10
-3.552 14.144 32.369 10
-2.71 14.001 29.774 10
-1.082 13.962 24.717 10
0.325 14.001 19.144 10
0.938 13.934 14.01 10
0.373 13.12 10.687 10
-0.651 11.434 8.58 10
-1.819 9.615 7.086 10
-2.853 7.958 5.439 10
-3.562 6.607 4.137 10
-4.022 5.382 3.313 10
-4.05 4.386 2.882 10
-3.974 3.38 3.198 10
-3.591 2.729 3.323 11
-3.179 2.298 3.782 9
-2.719 2.135 4.022 11
-2.164 1.934 3.916 9
-1.58 1.742 3.658 10
-0.785 1.752 3.198 10
-0.057 1.848 2.576 10
0.268 1.982 2.011 10
1.063 1.8 1.321 10
1.177 1.771 0.66 10
1.158 1.695 0.134 10
1.043 1.541 -0.181 10
0.823 1.398 -0.335 10
0.392 1.321 -0.316 10
0.229 0.928 -0.287 10
-0.335 0.804 0.028 10
-0.679 0.756 0.335 10
-0.794 0.67 0.392 10
-0.871 0.584 0.373 11
-0.823 0.536 0.239 9
-0.651 0.517 0.095 11
-0.43 0.469 0.162 9
-0.392 0.287 0.517 10
-0.402 0.095 1.101 11
-0.536 0.047 1.896 9
-1.024 0.047 2.738 10
-2.049 0.172 3.399 10
-2.834 0.67 3.754 10
-3.074 1.426 3.725 10
-2.853 1.867 4.261 11
-2.796 1.924 5.324 9
-2.892 2.068 7.086 10
-2.825 2.681 9.605 10
-3.447 4.242 11.645 10
-5.248 8.216 13.206 10
-5.43 13.014 13.895 10
-5.066 17.678 15.332 10
-3.466 18.473 17.554 10
-1.197 16.95 21.116 10
0.9 14.499 25.589 10
2.738 13.895 30.77 10
3.351 14.604 34.131 10
3.61 14.7 33.346 10
4.817 14.547 28.232 10
6.119 14.987 21.183 10
6.751 15.725 15.897 10
5.525 15.284 12.066 10
2.614 13.56 9.615 10
-0.67 11.377 7.824 10
-3.284 9.356 6.866 10
-5.056 7.307 6.196 10
-5.88 5.315 5.908 10
-6.531 3.801 5.918 10
-7.144 2.834 6.253 11
-6.722 2.461 6.397 9
-5.41 2.461 5.966 11
-3.878 2.557 5.142 9
-2.212 2.537 4.118 11
-1.35 2.643 3.265 9
-0.584 2.834 2.317 11
-0.047 2.853 1.57 9
0.679 2.681 1.12 10
1.331 2.576 0.957 11
1.685 2.624 1.197 10
1.541 2.557 1.532 9
0.881 2.375 1.934 10
0.181 2.221 2.269 10
-0.488 2.164 2.442 10
-0.957 2.145 2.451 10
-1.264 2.049 2.135 10
-1.436 1.857 1.589 11
-1.522 1.628 1.063 10
-1.273 1.513 0.603 10
-0.861 1.359 0.469 9
-0.852 1.331 0.679 10
-0.191 0.766 0.823 10
-0.373 0.67 1.11 10
-0.66 0.651 1.551 10
-1.043 0.718 2.011 10
-1.426 0.699 2.384 11
-1.58 0.66 2.863 10
-1.436 0.679 3.629 9
-1.177 0.679 4.376 10
-1.063 0.938 5.085 10
-1.379 1.35 5.899 10
-1.953 1.771 6.627 10
-3.457 2.796 8.331 10
-3.428 4.328 9.366 10
-3.131 6.617 10.141 10
-3.122 9.557 10.812 10
-1.723 13.014 11.884 10
-0.306 16.318 13.828 10
0.976 16.883 18.693 10
0.679 15.255 25.206 10
-0.153 12.813 30.214 10
-0.325 12.009 32.388 10
0.248 12.727 31.421 10
0.584 13.436 27.447 10
0.66 14.01 21.471 10
1.484 14.729 16.558 10
1.905 14.499 12.976 11
1.101 13.072 11.185 10
-0.325 11.137 10.189 10
-1.762 9.26 9.519 9
-3.303 7.527 8.801 10
-4.568 6.234 8.13 11
-5.592 5.295 7.173 10
-6.119 4.778 6.378 10
-5.851 4.242 5.564 9
-5.152 3.706 4.654 10
-4.596 3.39 3.696 10
-3.591 2.758 2.873 10
-3.093 2.652 2.193 11
-2.767 2.633 1.81 10
-2.164 2.633 1.273 9
-1.407 2.614 0.861 10
-0.469 2.566 0.689 10
0.162 2.518 0.316 11
0.555 2.566 0.335 9
0.861 2.489 0.584 10
1.005 2.24 0.66 11
0.679 2.116 1.158 10
0.545 1.982 1.407 9
0.44 1.742 1.57 11
0.316 1.484 1.503 9
0.229 1.292 1.388 10
0.153 1.206 1.321 10
0.009 1.206 1.254 11
-0.402 1.244 1.11 10
-1.149 1.292 0.957 9
-1.742 1.35 1.005 11
-2.269 1.35 1.158 9
-2.7 1.321 1.493 10
-3.016 1.388 2.001 10
-3.323 1.771 2.355 10
-4.232 2.231 2.662 11
-4.644 2.815 2.786 9
-5.027 3.303 3.294 10
-4.989 3.62 4.405 10
-5.564 4.098 6.722 10
-5.726 4.769 9.519 10
-7.086 6.962 13.503 10
-6.607 9.27 16.28 10
-7.393 12.162 18.483 10
-5.803 13.781 20.082 10
-3.658 14.824 21.873 10
-1.522 15.715 24.191 10
-0.526 15.571 25.914 10
-0.593 14.585 26.977 10
-0.679 13.532 27.255 10
-1.158 12.708 25.742 10
-1.695 12.21 22.486 10
-1.695 11.951 19.077 10
-1.522 11.415 16.012 11
-2.087 10.381 13.551 10
-3.208 9.088 11.099 9
-4.204 8.197 8.963 10
-4.922 7.374 6.761 10
-5.114 6.56 4.912 10
-5.19 5.65 3.667 11
-5.133 4.817 3.045 9
-4.788 4.118 2.719 10
-4.616 3.763 2.442 10
-3.687 3.313 2.001 11
-3.074 3.169 1.57 10
-2.595 3.122 1.216 9
-1.493 2.94 1.024 10
-1.091 2.786 0.708 11
-0.919 2.595 0.766 10
-1.063 2.394 0.871 9
-0.268 1.972 0.651 10
-0.335 1.704 0.507 10
-0.22 1.599 0.258 11
-0.009 1.551 0.019 10
0.067 1.561 -0.344 9
0.028 1.589 -0.593 10
-0.019 1.608 -0.881 11
-0.114 1.608 -1.091 9
-0.316 1.589 -1.216 11
-0.565 1.608 -1.197 9
-1.082 1.417 -0.967 10
-1.58 1.13 -0.584 10
-1.829 0.67 -0.076 10
-2.097 0.392 0.44 10
-2.537 0.306 1.177 11
-3.227 0.287 1.896 9
-3.878 0.392 2.422 10
-3.983 0.756 2.662 10
-3.849 1.359 2.853 10
-3.169 2.173 3.189 10
-1.972 3.399 3.821 10
-0.248 4.989 4.951 10
0.948 7.393 7.402 10
1.158 9.356 9.979 10
-0.727 11.808 14.547 11
-1.312 13.637 18.444 9
-0.986 15.495 22.237 10
0.114 16.644 25.972 10
0.478 16.912 27.514 10
0.871 16.682 27.408 11
1.589 16.481 26.585 9
1.848 15.801 24.928 10
1.685 15.016 22.687 10
1.398 14.422 20.475 10
0.584 13.129 18.713 10
-0.785 11.003 16.836 10
-2.059 9.26 14.901 10
-2.853 7.843 12.66 10
-3.198 6.56 10.649 11
-3.371 5.238 8.963 10
-3.447 4.137 7.862 9
-3.418 3.074 7.345 10
-3.543 2.442 7.335 10
-3.715 1.561 7.833 10
-3.849 1.177 7.996 10
-3.715 1.024 7.872 10
-3.275 1.091 7.287 11
-2.442 1.302 6.339 9
-1.551 1.561 5.353 10
-0.574 1.819 4.175 11
-0.306 2.097 3.246 9
0.641 2.106 2.231 10
0.641 2.231 1.474 10
0.612 2.327 0.9 11
0.488 2.48 0.641 9
0.191 2.576 0.488 10
-0.086 2.643 0.335 11
-0.612 2.729 0.038 9
-0.507 2.738 -0.22 11
-0.775 2.767 -0.689 9
-0.814 2.834 -0.881 11
-0.708 2.719 -1.139 9
-0.679 2.451 -0.871 11
-0.986 2.269 -0.095 9
-1.312 1.771 0.814 10
-2.011 1.532 1.819 10
-2.825 1.551 2.518 10
-3.696 1.924 3.418 10
-4.357 2.47 3.897 10
-4.797 2.777 4.702 10
-5.181 3.122 6.521 10
-5.257 3.485 8.705 10
-4.73 4.175 11.08 10
-3.773 5.449 12.593 11
-2.537 7.766 13.828 9
-0.842 9.5 15.332 10
-0.248 11.386 17.745 10
0.201 11.597 20.13 10
0.143 11.568 21.49 10
0.172 12.018 21.461 10
1.053 13.014 19.938 10
2.183 14.058 17.611 10
2.279 14.231 15.6 10
3.045 14.365 13.675 10
3.246 13.895 12.066 11
4.309 13.666 10.122 10
5.276 13.35 8.274 10
4.606 12.277 7.479 9
4.089 10.285 7.46 11
2.355 7.757 8.724 10
0.622 5.066 10.352 10
-0.708 2.873 11.942 9
-1.426 1.12 12.852 10
-1.177 0.181 12.947 11
-0.957 0.067 12.574 10
-0.938 0.392 11.568 10
-0.9 0.823 10.036 10
-0.833 1.398 8.801 10
-0.718 1.685 7.268 9
-0.507 1.953 5.726 10
-0.086 2.25 3.926 10
0.469 2.652 2.135 10
0.976 2.93 0.536 10
1.379 3.007 -0.766 10
1.11 3.016 -1.541 10
1.321 2.518 -1.972 10
0.651 2.135 -1.81 11
0.019 1.829 -1.283 10
-0.287 1.618 -0.555 9
-0.306 1.426 0.134 10
-0.335 1.34 0.756 10
-0.076 1.149 1.139 10
-0.038 1.063 1.359 10
-0.086 1.072 1.436 10
-0.143 1.091 1.446 11
-0.095 1.024 1.398 9
-0.047 0.89 1.513 10
-0.057 0.871 1.829 10
-0.134 0.976 2.298 10
-0.363 1.12 2.643 10
-0.612 1.321 2.911 10
-1.015 1.637 3.639 10
-1.369 2.049 4.501 10
-1.206 2.47 5.19 10
-0.852 2.873 5.88 11
-0.622 3.763 7.038 9
-0.517 5.267 8.963 11
0.181 7.469 10.773 10
-0.957 10.793 12.928 9
-0.191 13.512 14.614 10
-0.852 16.357 16.443 11
-1.158 17.247 18.971 9
-0.995 17.784 21.413 10
0.076 18.885 22.677 10
1.829 19.689 22.764 11
2.738 19.555 22.802 9
2.94 18.626 21.997 10
2.853 18.071 20.379 11
3.016 17.458 18.013 10
2.547 16.203 15.964 9
0.986 14.192 14.231 10
-0.871 12.21 12.67 11
-2.451 10.218 10.706 10
-3.485 8.504 8.81 9
-3.993 6.952 7.249 10
-3.926 5.698 6.368 10
-3.648 4.635 5.937 10
-3.342 3.801 5.813 10
-3.064 2.968 5.64 11
-2.604 2.442 5.219 9
-1.819 2.078 4.529 10
-0.967 1.934 3.782 10
-0.124 1.877 3.055 10
0.526 1.963 2.662 10
0.938 2.365 2.164 10
0.852 2.566 1.235 10
0.632 2.47 0.038 10
0.651 2.25 -0.804 10
0.44 2.097 -1.331 10
0.268 2.068 -1.436 10
0.181 2.02 -1.331 10
-0.268 1.982 -1.13 10
-0.708 1.867 -0.995 10
-0.948 1.742 -0.861 10
-1.225 1.762 -0.603 10
-1.513 1.666 -0.392 10
-1.608 1.608 -0.21 10
-1.561 1.561 -0.239 10
-1.551 1.618 -0.277 10
-1.58 1.675 -0.172 10
-1.656 1.723 -0.028 10
-1.771 1.675 0.191 10
-1.982 1.561 0.459 10
-2.355 1.723 0.909 10
-2.968 2.049 1.417 10
-3.983 2.595 1.972 11
-4.347 2.691 2.499 9
-4.328 2.355 3.524 11
-4.031 2.001 4.989 10
-3.418 1.838 7.45 9
-2.738 2.585 10.18 10
-3.217 3.945 12.765 11
-4.05 6.483 14.652 9
-4.472 10.093 16.098 10
-4.309 13.493 17.171 10
-4.108 15.16 18.09 11
-4.156 15.792 18.54 10
-3.993 15.993 18.167 9
-3.773 16.816 17.266 10
-4.376 17.745 15.715 10
-4.74 17.937 14.968 11
-4.97 16.146 14.403 9
-5.717 13.139 13.685 10
-6.991 10.237 13.091 10
-8.829 8.216 12.622 11
-10.189 7.144 11.597 9
-13.378 6.924 10.831 10
-15.332 7.249 9.873 10
-16.06 7.086 8.743 10
-15.284 6.56 7.805 10
-13.225 6.406 8.073 10
-9.758 6.435 8.743 11
-6.799 5.726 8.829 9
-4.357 4.999 8.35 10
-2.566 4.807 7.22 10
-1.561 4.491 5.238 10
-1.465 4.07 3.495 10
-1.867 3.792 2.346 11
-2.327 3.648 1.57 10
-2.537 3.457 0.89 10
-2.681 3.112 0.201 10
-2.853 2.815 -0.22 9
-3.074 2.652 -0.478 10
-3.438 2.489 -0.699 11
-3.581 2.384 -1.043 9
-3.763 2.375 -1.752 10
-3.495 2.355 -2.087 11
-3.131 2.24 -2.269 9
-2.662 1.944 -2.212 10
-2.499 1.857 -1.944 10
-1.838 1.532 -1.762 11
-1.723 1.312 -1.465 9
-1.924 1.446 -1.063 10
-2.394 1.541 -0.756 10
-3.035 1.465 0.067 10
-3.399 1.57 1.206 10
-3.342 1.551 2.365 10
-3.447 1.398 3.418 10
-3.715 1.312 4.644 10
-4.012 1.513 6.157 10
-4.673 2.327 8.159 10
-6.023 3.543 10.103 10
-7.843 5.2 11.798 10
-9.165 7.307 12.756 10
-9.816 9.988 14.03 11
-9.883 12.401 14.872 9
-10.218 14.221 16.079 10
-10.936 15.313 17.199 11
-11.501 15.897 17.535 9
-11.166 16.203 17.362 10
-10.18 16.548 16.692 10
-9.404 16.807 15.284 10
-8.35 16.5 14.001 10
-6.847 15.485 12.085 10
-5.966 12.641 11.022 10
-7.01 9.825 11.291 10
-8.523 7.01 11.923 10
-10.074 4.73 11.923 10
-11.022 3.514 11.473 10
-11.587 2.691 10.093 10
-11.214 2.949 8.59 10
-10.065 3.361 6.426 10
-8.197 3.591 4.367 11
-6.1 3.581 2.221 9
-4.165 3.227 0.948 10
-2.719 2.729 0.526 10
-3.007 2.001 1.197 10
-2.806 2.183 1.886 11
-2.576 2.384 1.8 9
-2.193 2.02 2.078 11
-1.685 1.685 1.187 9
-1.264 1.953 0.584 10
-1.072 2.059 0.162 10
-0.976 1.762 -0.287 10
-1.11 1.618 -0.641 10
-1.043 1.723 -0.785 10
-1.082 1.695 -0.928 10
-1.063 1.522 -1.12 10
-0.928 1.417 -1.082 10
-0.727 1.379 -0.804 10
-0.833 1.388 -0.89 10
-0.976 1.321 -0.89 10
-1.12 1.273 -1.053 10
-1.388 1.283 -1.091 10
-1.637 1.264 -1.063 10
-1.742 1.13 -0.986 10
-1.886 0.957 -0.651 10
-2.183 0.612 -0.181 10
-2.394 0.354 0.124 10
-2.892 0.497 0.402 11
-3.418 1.197 0.995 10
-4.003 2.346 2.221 10
-4.75 3.275 3.667 9
-6.042 3.658 5.564 10
-8.274 4.098 7.833 10
-10.141 4.778 9.643 11
-11.482 6.014 10.831 9
-11.712 7.651 11.377 10
-9.528 12.287 11.856 10
-6.761 16.529 12.411 10
-6.358 18.387 10.783 10
-7.498 18.646 9.825 10
-9.011 18.502 9.701 11
-10.438 18.31 10.074 10
-12.267 17.372 9.528 9
-12.325 16.97 9.576 10
-11.607 15.16 10.007 10
-11.348 12.2 10.572 10
-10.917 9.557 11.511 11
-10.62 7.307 11.607 10
-10.295 5.535 11.137 9
-10.984 4.97 8.178 10
-11.923 4.932 4.271 11
-11.971 4.865 0.679 9
-11.626 4.252 -2.221 10
-10.601 3.169 -4.663 11
-8.772 2.231 -4.845 9
-7.249 1.877 -0.986 11
-5.161 1.848 2.489 9
-4.539 1.541 3.964 10
-3.821 1.043 4.424 10
-3.189 1.312 3.821 10
-2.93 1.742 3.801 10
-3.016 1.752 3.342 10
-3.055 1.723 3.189 10
-2.652 2.039 3.284 10
-2.652 2.681 3.074 10
-3.074 3.246 2.595 10
-3.983 3.83 1.877 10
-4.52 4.491 1.302 10
-4.759 4.951 0.746 10
-4.73 5.133 0.335 10
-4.529 5.037 0.268 10
-4.07 4.769 0.028 10
-3.974 4.587 -0.086 10
-3.936 4.357 -0.229 10
-3.648 4.156 0.028 10
-3.725 4.146 0.134 11
-4.089 4.079 0.833 9
-4.577 4.041 2.097 11
-5.066 3.945 3.323 10
-5.717 3.581 4.845 10
-6.234 3.495 6.646 10
-7.345 3.552 8.427 9
-8.485 3.428 9.394 10
-9.452 3.351 10.141 10
-9.72 3.409 11.204 10
-9.26 3.696 12.095 11
-9.366 4.414 13.081 9
-9.672 6.205 13.493 11
-11.042 8.159 13.57 9
-13.034 9.222 12.88 10
-14.231 10.017 12.047 10
-13.742 11.291 10.764 10
-12.22 12.363 9.203 10
-11.3 12.775 7.862 10
-10.113 13.541 6.971 11
-9.385 13.541 6.33 10
-9.538 11.08 6.291 10
-11.176 7.958 8.063 9
-12.229 5.497 8.743 10
-12.679 3.667 8.561 10
-12.267 2.777 7.843 10
-11.003 2.719 6.675 11
-9.442 2.987 5.506 10
-8.169 3.026 4.903 10
-6.943 2.911 3.964 9
-5.554 2.738 3.869 10
-4.845 2.308 4.692 10
-4.108 1.829 5.679 10
-3.313 1.465 6.569 10
-2.729 1.13 6.962 10
-2.173 0.794 6.761 11
-1.685 0.814 6.684 9
-1.331 0.679 6.186 10
-1.12 0.44 5.295 10
-0.986 0.383 4.395 10
-0.727 0.469 3.457 10
-0.354 0.555 2.489 10
-0.086 0.632 1.723 10
-0.019 0.699 1.043 10
-0.028 0.794 0.507 10
-0.086 0.909 0.028 10
-0.229 0.995 -0.402 10
-0.689 1.034 -0.584 10
-1.12 1.063 -0.469 11
-1.484 1.235 -0.201 9
-2.011 1.359 -0.057 10
-2.825 1.321 0.038 10
-3.438 1.177 0.45 10
-3.61 1.216 1.321 10
-3.524 1.465 2.384 11
-3.878 1.714 3.208 9
-4.711 1.991 4.156 11
-5.956 2.288 5.525 10
-7.441 2.671 6.809 9
-8.992 3.007 8.532 10
-10.065 3.39 10.783 10
-10.917 4.472 12.995 10
-11.511 6.023 14.317 11
-13.426 8.465 14.767 9
-13.723 10.86 14.556 10
-12.727 13.292 14.556 11
-10.477 15.437 15.112 9
-9.27 16.491 15.447 10
-9.73 16.855 16.261 11
-10.726 16.318 16.749 10
-11.252 15.255 15.562 10
-11.894 13.972 13.33 9
-12.325 12.277 11.367 11
-12.631 10.419 10.63 9
-12.813 8.178 9.816 11
-12.804 6.11 8.523 10
-12.564 4.376 6.895 9
-11.836 3.648 5.765 10
-10.611 3.476 4.769 11
-9.567 3.39 3.811 9
-8.676 3.256 2.719 10
-7.747 3.256 1.867 10
-6.55 3.332 1.216 10
-5.286 3.361 0.919 10
-3.801 3.284 0.881 10
-2.25 3.15 0.852 10
-0.909 2.94 0.727 10
0.143 2.7 0.574 10
0.881 2.547 0.44 10
1.283 2.422 0.335 10
1.388 2.403 0.258 10
1.283 2.346 0.038 10
0.986 2.145 -0.201 10
0.45 2.011 -0.239 10
-0.287 1.934 -0.086 10
-0.804 1.848 0.047 10
-1.149 1.733 0.105 10
-1.273 1.608 0.181 10
-1.12 1.493 0.143 10
-0.737 1.379 0.057 10
-0.373 1.273 0.086 10
-0.22 1.12 0.459 10
-0.383 1.082 0.89 10
-1.321 1.177 1.628 10
-2.576 1.292 2.336 10
-3.83 1.407 2.901 10
-4.587 1.628 3.074 10
-4.903 1.877 2.873 11
-5.219 2.049 3.074 9
-5.458 2.595 3.667 10
-6.32 3.572 5.046 11
-8.389 4.903 7.402 9
-11.243 6.885 10.285 10
-14.03 9.653 12.018 10
-14.432 12.516 13.014 10
-13.541 15.82 12.909 10
-12.966 17.065 14.786 10
-13.043 16.491 17.113 11
-12.986 16.452 18.693 9
-11.07 16.768 19.479 11
-9.346 16.749 19.278 9
-8.667 16.041 17.563 10
-7.45 14.949 14.748 10
-5.631 14.355 11.99 10
-4.481 13.359 10.4 10
-4.999 11.214 9.433 11
-6.301 8.983 8.446 9
-7.479 7.067 7.058 11
-8.226 5.592 5.564 9
-8.504 4.472 4.29 10
-8.437 3.763 3.466 10
-8.054 3.227 2.767 11
-7.479 2.911 2.365 9
-6.493 2.748 2.25 11
-5.343 2.7 2.279 9
-3.964 2.585 2.394 10
-2.853 2.442 2.509 10
-1.723 2.26 2.499 10
-0.842 2.116 2.461 10
-0.248 1.972 2.413 10
0.095 1.867 2.394 10
0.737 1.752 2.068 10
1.043 1.819 1.628 10
1.302 1.915 1.168 10
1.359 1.953 0.632 10
1.13 2.068 0.191 10
0.823 2.173 -0.009 11
0.325 2.212 -0.019 9
0.019 2.202 -0.028 10
-0.402 1.963 0.057 10
-0.967 1.628 0.44 11
-1.57 1.34 1.024 9
-2.154 1.12 1.58 10
-2.729 1.082 1.742 11
-3.505 1.254 1.551 9
-3.782 1.474 1.091 11
-3.888 1.771 0.919 10
-3.955 2.059 1.618 9
-4.414 2.346 2.815 11
-5.564 2.959 4.434 10
-7.249 4.414 5.966 9
-10.036 6.358 7.498 10
-11.243 8.389 8.532 10
-10.515 10.371 9.097 11
-9.088 12.536 10.141 9
-7.977 14.374 12.085 10
-7.805 15.964 14.144 11
-8.494 16.845 15.782 9
-8.178 18.397 16.998 10
-6.186 19.919 16.385 10
-2.834 20.934 14.595 10
-0.517 20.475 11.741 11
-0.746 19.747 9.05 9
-1.139 19.153 7.757 11
-2.901 16.998 7.699 9
-5.439 13.713 8.705 11
-7.967 10.113 10.007 9
-9.691 7.192 10.687 11
-10.467 4.855 10.649 9
-10.496 3.505 9.768 11
-9.835 2.94 8.877 10
-8.408 2.767 7.632 10
-6.895 2.834 6.368 9
-5.056 2.729 5.066 10
-3.351 2.509 4.118 10
-1.647 2.298 3.552 10
-0.21 2.106 3.438 10
0.268 2.02 3.6 10
0.699 1.944 3.562 10
1.158 1.857 2.997 10
1.551 1.714 2.221 10
2.145 1.618 1.388 10
2.767 1.599 0.517 10
3.189 1.781 -0.258 10
3.227 2.049 -1.235 10
2.355 2.269 -1.972 10
0.67 2.614 -1.982 10
-0.785 2.911 -1.359 10
-1.762 3.035 -0.756 10
-2.413 2.748 -0.181 10
-2.786 2.279 0.44 10
-2.767 1.905 1.101 10
-2.652 1.666 1.503 10
-2.422 1.503 1.532 10
-2.279 1.34 1.513 10
-2.317 1.369 1.407 10
-2.24 1.551 1.369 10
-1.905 1.857 1.532 10
-1.8 2.068 2.537 10
-2.193 2.02 4.347 10
-3.399 2.078 6.387 10
-5.257 2.652 8.37 10
-7.69 3.524 10.18 10
-10.093 5.324 11.702 11
-11.022 8.207 13.484 9
-10.793 12.009 14.47 10
-10.151 15.38 14.69 10
-10.86 17.832 14.537 11
-10.898 18.875 14.097 10
-10.362 19.153 14.393 10
-7.508 20.58 14.422 9
-3.667 21.911 13.397 10
-1.158 21.701 11.358 11
-0.775 21.174 10.544 9
0.028 20.551 9.883 11
-0.775 18.09 8.887 9
-3.543 13.541 9.117 10
-6.962 9.624 9.739 11
-9.892 6.349 9.873 10
-11.654 4.146 9.117 10
-12.028 3.026 7.182 10
-12.143 2.786 5.679 9
-11.482 2.786 4.204 10
-10.467 2.92 3.342 10
-8.848 2.738 2.643 10
-7.345 2.652 2.193 10
-5.602 2.25 2.576 10
-4.29 2.039 3.246 10
-2.652 1.963 3.533 10
-1.551 2.068 3.581 10
0.478 1.896 3.102 10
1.13 1.991 2.959 10
1.867 2.221 2.825 10
2.652 2.614 2.767 10
2.968 2.92 2.595 10
2.719 2.949 2.394 10
1.867 2.595 2.26 10
0.718 2.279 2.576 10
-0.191 1.953 2.758 10
-0.852 1.771 2.844 10
-1.34 1.723 2.834 11
-1.628 1.733 2.729 9
-1.628 1.838 2.518 10
-1.474 2.097 2.279 10
-1.312 2.384 2.154 11
-1.139 2.518 2.183 10
-1.359 2.47 2.47 9
-1.982 2.221 2.94 10
-2.624 2.202 3.658 11
-3.38 2.499 4.702 9
-4.807 2.959 5.372 10
-6.368 3.869 6.54 10
-6.904 5.133 7.508 10
-7.326 6.521 9.136 11
-8.054 7.632 11.473 9
-8.14 8.111 15.064 10
-7.843 8.667 17.908 10
-9.442 10.697 19.584 11
-10.333 12.622 19.201 9
-11.434 14.058 18.435 10
-11.147 15.409 17.276 11
-9.212 16.941 15.37 9
-6.885 17.918 13.091 10
-4.874 17.812 10.228 10
-3.112 17.841 7.594 10
-2.375 17.152 5.774 10
-3.782 14.346 5.19 10
-6.56 10.39 5.544 10
-8.963 6.885 6.722 10
-10.735 3.39 8.427 10
-11.118 0.928 9.768 11
-10.247 -0.181 10.419 10
-8.992 -0.248 10.716 9
-7.661 -0.009 10.256 10
-6.301 0.354 9.442 10
-4.855 1.024 8.101 10
-3.399 1.857 6.684 10
-1.972 2.719 5.142 10
-0.641 3.438 3.734 10
0.268 3.811 2.48 10
0.622 3.754 1.637 10
0.545 3.457 0.833 10
0.019 3.083 0.536 10
-0.584 2.719 0.344 11
-1.072 2.375 0.21 9
-1.34 2.126 0.162 10
-1.551 1.972 0.162 10
-1.685 1.886 0.229 10
-1.81 1.81 0.162 10
-1.503 1.704 -0.095 10
-1.034 1.685 -0.22 10
-0.641 1.675 -0.296 10
-0.076 1.446 -0.383 10
0.143 1.312 -0.335 10
0.22 1.244 -0.057 10
0.134 1.216 0.143 10
-0.363 1.254 0.373 10
-1.082 1.398 0.526 10
-1.704 1.513 0.746 10
-1.896 1.561 1.015 11
-2.097 1.637 1.742 9
-2.279 1.905 2.882 11
-2.595 2.595 4.261 9
-3.495 3.734 5.928 11
-4.443 6.023 8.025 9
-5.889 9.5 10.457 10
-6.023 13.56 13.426 10
-5.363 17.851 16.577 11
-4.999 21.375 18.301 9
-6.014 21.959 20.159 11
-7.824 20.015 22.074 10
-8.034 18.952 23.271 9
-7.709 19.22 23.022 11
-7.776 18.76 20.111 9
-7.345 18.646 15.658 11
-4.893 18.138 11.549 10
-2.968 17.448 7.805 9
-1.81 16.922 5.171 10
-1.685 15.715 2.796 11
-3.16 12.411 3.447 9
-4.434 9.002 6.56 10
-5.238 5.889 10.754 10
-6.09 3.485 15.571 10
-6.799 1.522 17.276 10
-6.818 0.411 16.491 10
-6.205 0.555 15.16 10
-5.688 0.565 12.976 10
-5.401 1.015 10.477 10
-2.901 1.599 7.546 10
-1.599 2.059 4.903 10
0.344 2.145 2.413 10
2.001 2.26 0.038 10
3.112 2.202 -1.771 10
3.754 2.126 -3.131 10
3.782 2.001 -3.878 10
3.428 1.829 -3.964 10
2.7 1.57 -3.84 10
1.829 1.101 -3.677 10
0.919 0.593 -3.466 10
0.086 0.153 -3.208 10
-0.622 -0.028 -3.141 11
-0.756 -0.239 -3.227 9
-0.469 -0.287 -3.323 10
-0.162 -0.181 -3.284 11
0.162 -0.047 -3.198 9
0.373 -0.076 -3.093 10
0.478 -0.143 -2.959 10
0.574 -0.067 -2.624 11
0.593 0.086 -2.039 9
0.181 0.047 -1.503 10
-0.746 0.019 -0.833 11
-1.685 0.258 0.411 10
-2.183 1.034 2.135 9
-2.748 2.317 3.428 11
-3.763 4.501 4.702 9
-4.865 8.188 6.148 10
-5.899 12.555 8.983 10
-5.525 15.811 11.233 11
-6.119 17.573 15.38 10
-5.659 17.745 18.617 10
-4.07 18.531 21.95 10
-2.71 19.891 24.238 9
-1.177 21.03 24.507 10
-0.047 21.787 22.754 10
-1.474 22.553 20.35 11
-0.766 21.777 17.429 9
-0.785 19.479 14.623 10
-2.825 16.424 13.522 10
-4.481 13.139 12.689 11
-6.684 10.352 11.971 9
-8.686 7.862 11.109 10
-10.189 6.09 10.16 11
-10.601 4.769 9.021 9
-9.471 4.041 7.565 11
-7.211 3.667 5.841 9
-4.778 3.552 4.328 10
-2.844 3.572 2.681 10
-1.771 3.6 1.283 10
-0.191 3.524 0.45 10
0.162 3.428 0.181 10
0.258 3.236 -0.009 10
0.392 2.882 0.038 10
0.191 2.48 0.316 10
0.019 2.106 0.948 10
-0.028 1.742 1.321 10
-0.124 1.541 1.474 10
-0.517 1.493 1.628 11
-0.593 1.57 1.637 9
-0.153 1.771 1.254 10
0.019 2.03 0.766 10
0.105 2.135 0.201 10
-0.134 2.24 -0.076 10
-0.124 2.059 -0.105 10
-0.43 1.896 0.258 10
-0.909 1.685 1.024 10
-1.455 1.608 1.742 10
-2.183 1.474 2.461 10
-2.738 1.493 2.892 10
-2.834 1.905 3.026 10
-2.892 2.509 3.122 11
-3.15 2.863 3.62 9
-3.399 3.016 4.577 10
-3.821 3.265 6.11 11
-4.683 3.888 8.647 9
-5.975 5.592 10.898 10
-7.843 8.475 13.263 11
-9.461 11.702 15.322 10
-11.032 14.614 18.128 9
-11.99 15.294 19.958 11
-13.101 14.978 21.614 9
-13.56 15.169 22.831 10
-13.101 15.514 22.869 10
-12.325 15.859 21.94 11
-12.057 16.136 20.389 10
-12.363 16.079 17.477 9
-10.984 15.82 13.752 10
-9.002 14.46 10.898 10
-8.149 11.971 9.27 10
-8.207 9.078 8.714 10
-8.848 6.138 8.628 10
-9.461 4.07 8.264 10
-9.873 2.662 7.402 10
-9.816 1.934 6.493 10
-9.452 1.675 5.248 10
-8.599 1.723 4.06 10
-6.933 1.867 2.796 10
-5.181 2.145 1.877 10
-3.074 2.288 1.197 10
-1.446 2.298 0.794 10
-0.047 2.145 0.497 10
0.871 2.126 0.316 10
1.57 2.193 -0.038 10
1.896 2.25 -0.545 10
1.944 2.365 -1.139 10
1.695 2.509 -1.58 10
1.254 2.633 -1.762 10
0.727 2.719 -1.79 10
0.296 2.748 -1.714 10
0.038 2.662 -1.474 10
-0.277 2.394 -1.216 10
-0.488 2.231 -0.995 11
-0.679 2.126 -0.89 9
-0.814 1.915 -0.852 10
-0.814 1.79 -0.689 10
-1.091 1.982 -0.335 10
-1.628 2.269 0.047 10
-2.461 2.499 0.794 10
-3.284 2.48 1.723 10
-4.137 2.202 2.786 10
-4.625 2.039 3.849 10
-5.046 2.097 5.027 10
-5.382 2.384 6.244 11
-6.263 3.064 7.144 9
-7.058 3.983 8.14 11
-8.456 5.87 9.222 9
-9.279 8.226 10.649 11
-9.471 11.329 12.344 10
-8.896 14.25 15.504 10
-9.576 16.041 19.191 10
-11.109 15.974 22.227 10
-13.771 15.801 24.756 9
-13.694 15.265 24.717 11
-11.702 15.887 23.06 9
-10.888 16.021 19.891 10
-10.591 15.859 16.127 10
-8.858 15.418 12.823 10
-6.579 13.924 10.237 10
-5.525 11.348 9.414 11
-6.042 8.456 9.797 9
-7.297 6.224 9.433 10
-8.331 4.194 7.872 10
-8.58 2.93 6.426 10
-8.121 2.116 5.248 10
-7.163 1.733 4.529 10
-6.244 1.628 4.118 10
-5.257 1.589 3.763 10
-4.252 1.656 3.552 10
-2.901 1.781 3.169 10
-1.771 1.867 2.786 10
-0.871 1.848 2.422 10
-0.114 1.848 2.02 10
0.584 1.877 1.532 10
0.976 1.886 0.957 10
1.072 1.877 0.306 10
0.766 1.991 -0.258 10
0.402 2.269 -0.679 10
0.21 2.576 -1.024 10
0.153 2.844 -1.302 10
-0.153 3.131 -1.704 10
-0.785 3.007 -2.48 10
-1.321 2.566 -3.332 10
-1.541 1.723 -3.524 10
-1.599 0.804 -2.106 10
-1.57 0.0 0.335 10
-1.637 -0.632 2.825 10
-2.145 -1.216 4.96 10
-2.106 -1.522 6.301 10
-2.202 -1.541 6.387 10
-2.097 -1.225 6.196 10
-1.647 -0.497 5.315 10
-1.072 0.287 4.405 10
-0.938 1.206 3.888 10
-1.618 2.087 3.84 11
-2.528 3.007 4.539 9
-3.39 4.309 5.736 10
-4.865 6.933 7.785 10
-6.196 10.429 10.132 10
-7.038 14.92 11.654 10
-7.45 18.856 12.708 11
-7.297 21.059 13.407 9
-7.23 22.064 14.69 10
-6.713 22.256 16.654 10
-5.535 22.294 18.617 10
-3.974 21.815 19.297 10
-2.624 21.423 18.444 11
-2.145 20.752 17.697 9
-3.256 17.86 17.391 10
-5.88 14.125 17.295 11
-8.954 10.295 16.768 10
-11.013 7.393 15.38 9
-12.172 5.286 12.957 10
-12.411 3.993 9.979 10
-11.262 3.725 7.211 10
-9.921 3.572 5.027 10
-8.638 3.524 2.853 10
-7.469 3.409 1.369 10
-5.793 3.208 0.229 10
-4.414 2.92 -0.239 10
-3.055 2.576 -0.229 11
-2.02 2.25 -0.239 9
-1.149 1.963 -0.21 10
-0.488 1.79 -0.134 10
0.086 1.599 -0.057 10
0.392 1.446 -0.067 10
0.708 1.321 -0.153 10
0.794 1.273 -0.306 10
0.708 1.244 -0.478 10
0.555 1.235 -0.641 10
0.45 1.417 -0.679 10
0.507 1.551 -0.861 10
0.612 1.503 -1.072 10
0.612 1.34 -1.187 10
0.478 1.139 -1.091 10
0.153 0.967 -0.909 10
-0.593 0.804 -0.517 10
-1.57 0.794 -0.067 10
-2.317 0.794 0.22 10
-2.691 0.737 0.335 11
-2.892 0.632 0.296 10
-2.624 0.708 0.268 9
-2.365 0.823 0.411 10
-2.355 0.909 0.814 10
-2.288 1.177 1.187 10
-2.853 1.848 1.58 10
-3.562 2.758 2.097 10
-4.644 3.658 3.198 11
-5.995 4.644 5.315 9
-7.862 6.502 8.542 10
-9.117 9.624 11.511 10
-10.831 13.656 13.685 10
-11.76 17.228 15.179 10
-13.302 19.325 16.414 10
-14.106 19.144 18.416 11
-12.631 19.019 20.159 9
-9.691 19.919 19.689 10
-5.248 20.8 17.707 10
-2.422 21.337 14.614 10
-0.497 21.519 11.099 10
1.024 20.685 8.226 10
0.957 17.812 6.32 10
-0.957 14.058 5.554 10
-4.175 10.189 5.861 11
-6.933 6.818 6.435 10
-9.653 4.232 6.751 10
-11.702 2.834 6.694 9
-12.976 2.116 6.368 10
-12.679 1.666 5.564 10
-11.291 1.474 4.778 10
-8.465 1.292 4.204 10
-6.196 1.302 4.424 11
-4.175 1.455 4.951 9
-2.968 1.618 5.401 10
-1.915 1.877 5.631 10
-1.35 2.173 5.41 10
-0.852 2.422 4.903 10
-0.526 2.662 4.309 10
-0.373 2.825 3.639 10
-0.354 2.949 3.055 10
0.057 2.882 2.48 10
-0.038 2.786 2.097 10
-0.296 2.671 1.867 10
-0.507 2.346 1.58 10
-1.101 2.145 1.407 10
-1.206 1.944 1.216 10
-1.426 1.924 0.861 10
-1.704 1.944 0.402 10
-2.078 1.991 -0.047 10
-2.154 2.03 -0.134 11
-1.886 1.991 -0.038 9
-1.723 1.963 0.248 11
-1.742 1.695 0.881 10
-1.857 1.417 1.417 9
-2.145 1.235 2.154 10
-2.528 1.302 3.284 11
-3.141 1.714 4.252 9
-4.194 2.097 4.807 10
-5.439 2.518 5.717 11
-7.048 3.208 7.029 10
-8.513 3.754 9.117 9
-9.959 5.248 11.444 10
-10.869 7.814 13.733 11
-12.172 10.86 15.744 9
-13.148 12.708 17.199 11
-14.422 12.947 18.895 10
-14.451 12.737 20.101 10
-12.315 13.675 20.159 9
-9.5 15.054 19.967 11
-7.374 15.801 19.517 9
-6.435 15.322 18.301 10
-5.659 14.365 16.089 11
-4.711 13.57 13.962 10
-3.84 12.775 11.769 9
-3.754 11.549 10.17 10
-4.769 9.749 9.232 10
-6.406 7.929 8.523 10
-8.015 6.263 7.556 10
-9.174 4.788 6.981 10
-9.653 3.294 6.837 10
-9.337 2.394 6.799 10
-8.236 2.03 6.607 10
-6.627 1.838 5.975 10
-5.046 1.857 4.989 10
-3.533 1.848 4.204 10
-2.327 1.924 3.351 10
-1.149 2.106 2.604 10
-0.134 2.193 1.915 10
0.593 2.231 1.359 10
1.091 2.164 0.842 10
1.292 2.087 0.459 10
1.312 1.915 0.229 10
1.149 1.733 0.172 10
0.794 1.656 0.162 10
0.497 1.599 0.105 10
0.143 1.522 -0.009 10
-0.335 1.541 -0.105 10
-0.737 1.656 -0.143 10
-0.823 1.742 -0.354 10
-0.881 1.8 -0.679 11
-0.89 1.695 -0.995 9
-0.881 1.637 -1.12 10
-0.746 1.608 -1.158 10
-0.775 1.589 -1.12 10
-0.938 1.522 -0.967 10
-1.101 1.589 -0.699 10
-1.474 1.723 -0.162 10
-2.001 1.838 0.718 10
-2.729 2.097 2.221 10
-3.552 2.451 4.127 11
-4.453 2.911 5.832 9
-6.11 3.83 7.987 10
-8.303 5.841 10.381 10
-10.237 8.829 12.555 10
-11.779 12.526 13.857 11
-12.401 15.897 15.571 9
-12.258 18.081 18.473 10
-13.311 18.157 22.16 10
-13.417 16.874 25.148 10
-13.254 16.031 26.288 10
-11.214 16.165 26.182 10
-9.308 16.491 24.047 11
-7.843 16.491 20.168 9
-6.569 16.203 15.84 11
-4.989 15.715 11.386 9
-3.983 14.815 8.111 10
-3.552 13.436 5.918 10
-3.734 11.894 4.577 10
-4.185 10.036 3.313 10
-4.807 8.446 2.442 10
-5.458 6.952 1.829 11
-6.426 5.698 1.503 9
-7.441 4.663 1.35 10
-7.671 3.869 1.235 10
-7.307 3.208 1.053 10
-6.54 2.681 0.823 10
-5.43 2.308 0.833 10
-4.194 2.097 0.957 10
-3.179 2.02 1.101 10
-2.327 1.944 1.091 10
-1.637 1.742 1.005 10
-1.043 1.589 0.919 10
-0.612 1.532 0.871 10
-0.248 1.503 0.727 10
0.0 1.455 0.699 10
0.258 1.388 0.593 10
0.641 1.312 0.373 10
0.804 1.302 0.067 11
0.938 1.302 -0.201 9
1.101 1.369 -0.536 10
1.225 1.426 -0.871 11
1.197 1.455 -1.12 10
0.928 1.513 -1.292 10
0.651 1.532 -1.331 9
0.248 1.446 -1.35 10
-0.402 1.331 -1.197 11
-1.082 1.321 -0.804 10
-1.733 1.455 -0.258 9
-2.422 1.503 0.143 10
-3.639 1.455 0.995 10
-4.711 1.551 2.202 10
-6.004 2.011 3.552 10
-7.891 3.045 5.075 11
-9.797 4.807 6.77 9
-11.578 7.623 8.379 10
-11.789 11.635 10.745 10
-11.836 15.322 12.631 10
-10.85 17.19 15.696 11
-10.62 17.602 18.646 9
-11.52 17.123 21.643 11
-12.009 16.012 23.434 9
-11.607 15.188 23.989 11
-11.051 14.777 23.06 9
-10.275 14.585 21.04 10
-8.283 14.547 18.033 11
-5.688 14.365 14.901 9
-3.572 13.771 11.951 10
-3.045 12.44 10.084 10
-3.869 10.62 9.117 10
-5.114 8.944 8.255 10
-6.426 7.517 7.01 10
-7.422 6.406 5.765 10
-8.379 5.401 4.673 10
-8.762 4.625 3.955 10
-8.398 3.849 3.351 10
-7.546 3.131 2.978 10
-6.464 2.403 2.949 11
-5.248 1.924 3.122 9
-3.83 1.599 3.418 10
-2.662 1.474 3.639 11
-1.599 1.417 3.773 9
-0.9 1.398 3.725 11
-0.316 1.379 3.667 10
-0.038 1.331 3.591 9
0.239 1.283 3.351 10
0.392 1.264 3.035 10
0.335 1.302 2.643 10
0.651 1.283 2.135 10
0.306 1.379 1.551 10
-0.086 1.493 0.957 10
-0.248 1.589 0.287 10
-0.21 1.742 -0.239 11
-0.114 1.886 -0.928 9
-0.22 1.944 -1.503 10
-0.421 2.039 -1.905 10
-0.794 2.173 -2.097 11
-1.187 2.346 -2.26 9
-1.628 2.614 -2.422 10
-2.135 2.892 -2.422 10
-2.633 3.131 -2.011 10
-3.256 3.16 -0.986 10
-4.194 3.189 0.478 10
-5.353 3.294 2.212 10
-6.78 3.83 4.481 11
-8.255 4.635 6.856 9
-9.701 6.014 9.452 10
-10.218 7.824 11.348 11
-10.735 11.128 12.66 9
-8.695 14.01 12.813 10
-5.248 17.841 12.574 10
-2.375 20.197 15.303 11
-3.447 17.736 18.55 9
-5.928 14.575 22.668 11
-7.517 12.555 26.412 9
-9.117 11.166 27.638 10
-10.074 10.266 26.297 11
-9.279 10.352 23.223 9
-6.809 10.726 19.0 10
-4.759 10.515 14.815 10
-3.533 9.71 11.07 10
-3.246 8.848 8.331 10
-3.667 7.91 5.937 10
-4.529 7.24 4.108 10
-5.343 6.483 2.566 10
-6.004 5.784 1.79 10
-6.138 5.066 1.407 10
-6.215 4.472 1.273 10
-6.052 3.964 1.35 10
-5.075 3.581 1.484 10
-3.485 3.361 1.503 11
-2.039 3.16 1.561 9
-0.814 2.968 1.695 10
0.019 2.968 1.723 10
0.708 2.959 1.637 10
1.11 2.882 1.58 10
1.254 2.748 1.503 11
1.398 2.604 1.541 10
1.532 2.566 1.561 9
1.618 2.48 1.465 10
1.742 2.355 1.426 11
1.685 2.212 1.264 9
1.331 2.097 1.139 11
0.526 1.963 1.091 9
-0.153 1.896 1.168 10
-0.718 1.771 1.168 10
-1.053 1.685 1.12 11
-1.379 1.637 0.995 10
-1.599 1.618 0.9 9
-1.695 1.398 1.005 10
-1.972 1.254 1.283 10
-2.595 1.321 1.762 11
-3.342 1.513 1.972 10
-3.945 1.714 2.116 9
-4.213 2.02 2.24 10
-4.319 2.719 2.92 11
-3.581 4.041 3.648 10
-3.476 6.378 4.673 10
-4.529 9.682 5.592 10
-5.88 14.288 7.077 9
-6.502 19.393 9.184 10
-8.341 20.724 13.168 10
-11.415 18.32 17.429 10
-14.269 15.964 22.39 11
-15.591 14.777 25.119 9
-15.246 14.46 25.723 10
-13.302 14.106 24.478 12
-10.18 13.503 21.71 8
-8.006 12.555 18.933 10
-7.029 10.946 16.778 10
-6.818 8.829 15.026 10
-6.464 6.933 13.273 10
-6.119 5.209 11.722 10
-5.152 3.916 9.988 10
-5.334 2.834 8.983 10
-6.531 2.106 8.408 10
-8.044 1.8 8.303 10
-8.695 1.781 8.188 10
-8.322 1.742 7.651 10
-7.211 1.819 6.924 10
-5.592 2.03 5.995 10
-4.07 2.145 5.018 10
-2.576 2.173 3.83 10
-1.388 2.25 2.624 10
-0.67 2.346 1.618 10
-0.258 2.355 0.785 10
-0.047 2.384 0.038 11
0.086 2.461 -0.536 9
0.191 2.547 -1.024 10
0.392 2.691 -1.379 11
0.593 2.863 -1.752 9
0.746 2.987 -2.097 10
0.756 3.045 -2.384 10
0.622 2.997 -2.585 10
0.421 2.71 -2.748 10
0.258 2.279 -2.691 10
0.067 1.771 -2.193 10
-0.019 1.407 -1.446 10
-0.258 1.063 -0.545 11
-0.814 0.852 0.344 9
-1.714 0.775 1.273 10
-2.7 0.919 2.24 10
-3.524 1.043 3.217 10
-3.706 1.13 4.108 10
-3.61 1.254 5.746 10
-3.811 1.79 7.46 11
-4.28 2.662 8.647 10
-5.228 4.108 9.078 9
-6.895 5.966 9.653 10
-8.734 8.734 10.515 11
-9.241 12.22 11.559 9
-8.188 16.682 12.545 10
-6.856 20.523 14.346 10
-7.297 21.806 16.874 10
-9.05 20.389 18.942 10
-10.122 18.722 21.136 11
-10.907 17.927 22.955 9
-10.151 16.577 23.06 10
-9.509 15.217 21.509 10
-8.283 14.106 18.962 10
-6.607 13.302 16.759 10
-5.975 11.731 15.227 11
-5.027 9.701 14.058 9
-5.621 7.69 13.062 10
-5.2 6.062 11.607 10
-5.391 4.788 10.046 10
-5.171 3.888 8.427 10
-5.295 3.189 6.971 10
-5.2 2.614 5.669 10
-5.248 2.116 4.52 10
-4.912 1.819 3.552 10
-4.405 1.704 2.528 10
-3.706 1.685 1.714 10
-2.71 1.742 0.976 10
-1.829 1.781 0.268 10
-1.015 1.733 -0.363 10
-0.43 1.675 -0.89 10
0.067 1.57 -1.283 10
0.469 1.561 -1.561 11
0.842 1.551 -1.896 10
1.283 1.589 -2.193 9
1.628 1.714 -2.413 10
1.637 1.771 -2.528 11
1.561 1.752 -2.547 10
1.321 1.675 -2.193 10
1.082 1.436 -1.752 9
0.823 1.034 -1.321 10
0.45 0.632 -0.833 11
-0.086 0.248 -0.306 10
-0.517 -0.038 0.038 9
-0.995 -0.363 0.287 11
-1.264 -0.593 0.986 10
-1.312 -0.67 1.953 10
-1.388 -0.699 2.901 9
-1.532 -0.584 3.83 10
-1.522 -0.143 4.606 10
-1.944 0.287 5.516 11
-2.394 0.794 6.665 10
-3.447 2.212 7.785 9
-4.865 4.414 8.848 10
-6.684 8.054 10.591 11
-7.278 12.536 12.344 10
-7.364 17.353 15.859 10
-8.619 20.178 19.239 10
-10.582 21.059 22.62 9
-12.909 20.906 24.028 10
-13.177 20.752 24.851 10
-12.765 20.551 24.689 10
-12.172 19.929 22.524 10
-11.013 19.536 19.488 11
-8.647 19.057 16.548 9
-5.966 17.717 14.738 10
-3.955 15.236 13.924 10
-3.217 12.306 14.279 11
-3.514 9.251 15.313 10
-5.085 7.019 15.399 9
-6.426 5.027 13.781 10
-7.019 3.438 11.52 10
-7.182 2.547 9.011 10
-6.981 2.164 6.291 10
-6.062 2.145 3.821 10
-4.635 2.25 1.446 10
-3.122 2.375 -0.344 10
-1.417 2.528 -1.474 10
-0.076 2.595 -2.087 10
0.909 2.547 -2.48 10
1.532 2.48 -2.585 10
1.829 2.288 -2.413 11
1.953 2.173 -2.442 10
1.915 1.934 -2.154 9
1.752 1.675 -1.915 11
1.379 1.417 -1.628 10
0.871 1.235 -1.465 9
0.153 1.101 -1.426 10
-0.699 1.053 -1.465 10
-1.072 0.9 -1.417 10
-0.574 0.679 -1.369 10
0.191 0.632 -1.197 10
0.823 0.718 -1.11 10
1.12 0.66 -1.101 10
0.89 0.584 -0.967 10
0.287 0.507 -0.66 10
-0.258 0.383 -0.162 11
-0.852 0.239 0.43 9
-1.666 0.248 0.967 10
-2.518 0.545 1.369 10
-2.71 1.024 1.924 10
-2.662 1.647 2.825 10
-2.767 2.327 3.61 10
-3.15 3.706 4.424 10
-3.811 6.129 5.535 10
-5.631 9.337 7.163 10
-6.751 12.88 9.279 10
-8.025 16.127 11.195 10
-9.49 18.875 13.704 10
-10.189 19.871 15.227 11
-10.764 20.111 15.543 9
-9.136 20.369 15.093 10
-7.603 21.48 14.614 10
-6.588 21.988 14.231 10
-6.473 20.015 13.915 10
-6.56 16.788 13.838 10
-6.636 13.129 14.317 10
-7.038 9.844 14.834 10
-7.987 6.943 15.102 10
-10.026 5.037 15.255 11
-11.607 3.897 14.48 9
-12.124 3.457 12.277 11
-11.693 3.457 9.155 9
-10.409 3.514 6.569 10
-8.944 3.351 4.462 10
-7.508 3.016 3.141 10
-5.813 2.681 2.624 10
-4.922 2.537 3.323 10
-4.118 2.422 3.974 10
-3.562 2.327 4.223 10
-2.844 2.308 4.204 10
-2.116 2.221 3.811 10
-1.733 2.24 3.361 10
-0.258 2.26 2.662 11
0.497 2.384 1.915 9
1.168 2.422 1.331 10
1.541 2.47 1.015 11
1.647 2.614 0.823 9
1.532 2.729 0.66 10
1.388 2.71 0.497 10
1.043 2.748 0.67 10
0.632 2.767 0.871 10
-0.114 2.853 0.526 10
-0.948 2.863 -0.363 11
-1.637 2.777 -1.235 9
-2.365 2.863 -1.723 11
-2.576 3.102 -1.733 9
-2.068 3.485 -1.417 11
-1.675 3.888 -0.871 10
-2.106 4.434 -0.22 9
-3.217 5.104 0.296 10
-5.094 5.602 1.158 10
-7.316 6.004 2.729 10
-9.643 6.722 5.525 10
-11.568 7.642 8.896 10
-12.679 8.647 12.43 10
-14.365 9.461 14.748 10
-15.6 9.701 16.74 11
-15.035 10.706 17.764 9
-12.737 12.976 18.559 10
-10.448 14.575 18.99 10
-8.705 14.585 18.186 11
-7.153 14.729 16.941 9
-6.138 15.466 15.744 10
-5.286 15.466 14.767 10
-3.983 13.924 13.848 10
-3.102 11.607 13.168 10
-2.959 8.801 13.005 10
-3.83 6.339 12.804 10
-5.525 4.299 12.133 11
-7.556 3.169 11.147 9
-9.787 2.681 9.5 10
-11.233 2.7 7.651 10
-11.731 2.882 5.104 10
-11.051 3.169 2.547 10
-8.714 3.524 0.593 10
-6.234 3.83 -0.766 10
-3.801 3.945 -1.81 10
-2.355 3.869 -2.231 10
-1.13 3.725 -2.116 10
-0.373 3.629 -1.503 10
0.009 3.552 -0.737 10
0.076 3.428 -0.114 10
0.0 3.313 0.45 10
-0.028 3.217 0.842 11
-0.009 3.093 1.043 9
0.057 2.959 1.12 11
0.143 2.863 1.235 10
0.229 2.767 1.206 9
0.373 2.633 1.063 10
0.373 2.576 0.919 10
0.277 2.489 0.775 10
-0.047 2.442 0.679 11
-0.756 2.422 0.603 9
-1.474 2.528 0.67 10
-1.838 2.614 0.881 10
-2.279 2.547 1.139 10
-2.71 2.375 1.379 10
-3.371 2.346 1.484 10
-4.271 2.47 1.628 10
-5.688 2.767 2.145 10
-6.675 3.227 2.978 11
-8.054 3.926 4.003 9
-8.983 4.376 5.487 10
-9.979 5.142 7.632 11
-11.137 6.081 10.62 9
-11.549 7.91 14.058 11
-12.507 11.415 16.606 9
-13.177 14.47 18.033 11
-14.02 15.916 19.68 9
-14.298 15.112 21.624 11
-13.599 14.585 22.218 9
-11.693 15.504 21.691 10
-9.691 15.945 19.967 10
-8.341 15.093 17.439 10
-6.828 14.03 14.164 10
-4.788 13.838 11.348 10
-2.671 13.522 8.791 10
-2.011 12.181 6.981 10
-2.806 9.979 5.928 10
-4.003 7.929 5.42 10
-4.912 5.947 4.759 10
-5.612 4.386 4.022 10
-6.081 3.122 3.552 10
-6.55 2.202 3.572 10
-7.029 1.532 3.888 11
-7.345 1.216 4.28 10
-7.22 1.13 4.759 9
-6.493 1.283 4.874 10
-5.248 1.57 4.721 10
-3.6 1.857 4.328 10
-2.432 2.078 3.466 10
-1.541 2.24 2.796 10
-0.612 2.336 2.078 10
-0.047 2.566 1.426 10
0.363 2.719 0.708 10
0.603 2.758 0.21 10
0.718 2.738 -0.114 10
0.689 2.719 -0.363 11
0.622 2.643 -0.574 10
0.517 2.528 -0.66 9
0.402 2.346 -0.66 10
0.134 2.193 -0.593 10
-0.162 1.991 -0.411 11
-0.354 1.771 -0.143 9
-0.565 1.513 0.162 11
-0.89 1.34 0.555 10
-1.225 1.197 1.005 9
-1.58 1.139 1.618 11
-2.116 1.158 2.173 9
-2.547 1.321 2.528 10
-3.074 1.589 2.767 10
-3.552 1.991 3.189 10
-4.213 2.643 4.003 10
-4.616 3.821 5.477 11
-5.2 5.343 7.01 9
-6.272 7.383 8.963 10
-8.398 9.586 10.946 11
-11.348 11.98 13.541 10
-13.11 13.551 15.255 9
-13.905 14.231 15.658 11
-13.369 14.709 15.868 9
-10.927 16.318 16.529 10
-8.427 18.081 16.184 10
-6.09 18.502 15.275 10
-4.51 17.918 14.24 10
-3.083 17.228 13.139 10
-1.991 16.673 12.095 10
-1.704 15.121 11.224 10
-2.662 12.354 11.635 10
-4.242 9.078 12.631 10
-5.698 6.32 13.158 10
-7.105 4.146 12.698 10
-8.236 2.968 11.348 10
-9.5 2.633 9.739 10
-10.093 2.767 8.274 10
-9.576 2.92 6.722 10
-8.446 2.987 5.43 11
-6.627 2.71 4.299 9
-4.999 2.509 3.457 10
-3.514 2.442 2.815 10
-2.24 2.499 2.375 10
-1.283 2.557 1.934 10
-0.708 2.518 1.522 10
-0.335 2.422 1.244 10
-0.143 2.336 1.149 10
0.047 2.24 1.063 10
0.277 2.154 0.89 10
0.344 2.097 0.689 11
0.335 2.049 0.402 10
0.306 1.963 0.172 10
0.191 1.934 0.047 9
0.028 1.924 -0.067 11
-0.268 1.857 -0.316 9
-0.632 1.695 -0.325 10
-0.938 1.561 0.028 10
-1.158 1.474 0.392 11
-1.35 1.244 0.89 9
-1.58 1.091 1.264 10
-1.934 1.101 1.628 11
-2.624 1.139 1.905 9
-4.414 1.34 2.528 10
-6.004 1.991 3.409 10
-6.301 2.671 5.037 10
-5.382 3.648 7.536 10
-4.118 5.267 9.615 10
-4.405 6.818 10.534 10
-6.521 8.743 10.927 10
-8.647 10.917 12.105 10
-10.362 12.746 14.058 10
-10.994 13.618 17.104 11
-10.716 13.235 19.642 9
-10.362 13.426 20.896 10
-7.843 14.939 20.216 10
-4.797 17.113 17.717 10
-1.551 18.971 13.886 10
-0.708 19.996 9.95 10
-0.526 20.781 6.77 10
-0.641 19.996 5.104 10
-2.489 16.634 5.544 10
-5.468 12.603 7.718 10
-9.059 8.839 11.013 10
-11.089 6.09 12.65 10
-12.622 3.696 13.244 10
-12.746 2.547 12.239 10
-11.913 2.394 10.429 10
-9.835 2.729 8.494 10
-7.422 3.189 6.378 10
-4.769 3.227 4.213 10
-2.834 3.332 2.279 10
-1.197 3.438 0.909 11
0.009 3.447 -0.028 9
0.622 3.447 -0.114 10
1.015 3.313 0.086 10
0.928 3.064 0.545 10
0.603 2.844 1.024 10
0.344 2.671 1.359 10
0.402 2.624 1.57 10
0.622 2.595 1.695 10
0.823 2.518 1.474 11
0.9 2.442 1.043 9
0.794 2.451 0.699 10
0.507 2.394 0.45 10
0.076 2.394 0.306 10
-0.536 2.394 0.325 11
-1.331 2.394 0.507 10
-1.963 2.25 0.612 9
-2.231 2.145 0.612 10
-2.212 2.087 0.641 11
-1.915 1.991 0.861 10
-1.714 1.848 1.532 9
-1.819 1.723 2.422 10
-2.145 1.647 3.505 10
-2.796 1.867 4.788 10
-3.754 2.288 6.349 11
-4.692 2.777 7.651 9
-6.512 3.342 9.03 10
-7.987 3.581 10.84 10
-8.638 4.529 13.101 10
-9.04 7.364 15.667 11
-10.007 11.808 17.832 9
-11.128 15.773 18.655 10
-12.603 18.559 18.397 10
-13.101 19.661 17.659 10
-13.043 20.101 16.577 10
-12.469 20.341 15.332 10
-11.348 20.752 14.087 10
-10.84 20.676 12.698 10
-10.917 19.613 10.821 10
-10.62 17.975 8.781 10
-9.222 16.223 6.876 10
-7.661 14.585 5.305 10
-6.914 12.411 4.156 10
-6.837 10.036 3.591 10
-6.828 7.46 3.189 10
-6.761 5.372 3.035 10
-6.722 3.562 3.093 10
-6.617 2.279 3.485 10
-6.521 1.551 4.079 10
-6.234 1.273 4.596 10
-5.449 1.35 4.683 10
-4.252 1.628 4.434 10
-3.055 1.819 3.869 10
-1.905 1.905 2.978 10
-1.168 1.953 2.126 10
0.239 1.982 1.12 10
1.082 2.068 0.258 10
1.953 2.049 -0.545 11
2.48 2.059 -1.244 9
2.691 2.135 -1.762 11
2.489 2.154 -2.183 9
1.896 2.154 -2.537 10
1.35 2.202 -2.528 10
0.746 2.135 -2.298 10
0.21 1.982 -1.972 10
-0.248 1.685 -1.465 10
-0.383 1.417 -1.005 10
-0.612 1.187 -0.785 10
-0.909 0.957 -0.574 10
-1.58 0.756 -0.306 11
-2.106 0.651 0.057 9
-2.509 0.689 0.392 11
-2.978 0.746 0.344 10
-3.016 0.852 0.181 10
-2.729 1.225 0.239 9
-2.202 1.982 0.756 10
-1.532 2.662 1.484 10
-1.733 3.371 2.815 10
-2.604 4.462 5.123 10
-4.874 6.502 8.322 10
-7.527 9.327 12.325 10
-9.806 12.66 15.792 10
-11.769 15.073 18.54 10
-12.507 16.462 19.421 10
-11.377 17.86 18.76 10
-9.385 19.182 18.205 10
-7.326 19.938 17.841 10
-5.612 19.594 17.669 10
-3.466 19.354 16.548 10
-1.781 19.306 14.46 10
-0.507 18.732 12.449 10
0.354 16.673 11.013 10
0.143 13.388 10.39 10
-1.139 10.247 10.496 10
-3.428 7.307 10.678 10
-6.052 5.295 10.323 10
-9.279 4.098 9.423 10
-11.262 3.83 8.121 10
-11.53 3.658 6.789 10
-10.706 3.303 6.291 10
-8.935 2.844 6.148 10
-6.971 2.671 5.707 10
-5.085 2.595 5.046 10
-3.543 2.624 4.817 10
-2.164 2.748 4.51 11
-1.388 2.863 4.089 9
-0.229 2.748 3.438 10
-0.248 2.691 2.959 10
-0.114 2.691 2.461 10
0.153 2.7 2.001 10
0.181 2.643 1.599 10
0.526 2.547 1.11 10
0.44 2.557 0.66 10
0.344 2.509 0.421 10
0.248 2.422 0.296 10
0.105 2.317 0.153 10
-0.22 2.221 0.0 10
-0.632 2.173 -0.105 10
-1.168 2.202 -0.086 10
-1.81 2.336 -0.114 10
-2.154 2.442 -0.047 11
-2.097 2.375 0.076 9
-2.164 2.346 0.258 10
-2.059 2.001 0.373 10
-2.145 1.714 0.622 10
-2.442 1.628 0.967 10
-2.997 1.857 1.369 10
-3.677 2.317 1.848 10
-4.491 2.873 2.624 10
-5.822 3.533 4.003 10
-7.326 3.725 5.707 10
-9.481 4.252 8.513 10
-11.003 5.832 11.473 10
-10.544 9.059 13.292 10
-8.916 13.445 13.388 10
-6.722 17.832 13.158 10
-6.004 21.241 14.432 10
-7.211 21.787 16.855 10
-9.241 20.293 18.55 10
-10.735 18.942 19.383 10
-13.225 17.937 19.191 10
-12.775 16.855 17.314 10
-10.17 15.954 14.987 10
-7.23 14.537 12.966 10
-5.832 12.248 12.047 10
-5.238 9.375 11.875 10
-4.721 6.598 11.789 10
-4.338 4.079 11.741 11
-4.424 2.355 11.511 9
-5.832 1.455 10.812 10
-7.69 1.177 9.548 10
-9.653 1.034 7.594 11
-10.132 1.762 5.841 9
-9.835 2.48 3.476 10
-8.398 2.777 1.436 11
-6.004 3.179 -0.028 9
-3.639 3.543 -1.206 10
-1.723 3.801 -2.557 11
-0.277 3.859 -3.466 9
0.517 3.897 -3.926 11
0.909 3.916 -3.639 9
0.775 4.003 -3.227 10
0.363 3.993 -2.853 10
-0.105 3.84 -2.394 10
-0.785 3.552 -1.599 10
-1.244 3.198 -0.823 10
-1.465 2.729 -0.114 10
-1.58 2.221 0.497 10
-1.589 1.829 1.149 10
-1.474 1.513 1.714 10
-1.465 1.158 2.173 10
-1.532 0.9 2.432 10
-1.522 0.823 2.547 10
-1.752 0.574 2.327 10
-1.953 0.478 2.126 10
-2.384 0.593 1.886 11
-2.422 0.612 1.589 9
-2.183 0.603 1.532 10
-2.011 0.909 1.235 10
-2.384 1.273 0.948 10
-3.466 1.695 1.532 10
-4.462 2.336 2.738 10
-6.32 3.284 4.309 10
-9.452 5.018 5.679 10
-14.068 8.236 7.163 10
-16.864 12.392 8.427 10
-16.28 16.989 9.165 10
-12.555 19.967 9.883 10
-9.26 21.356 12.191 10
-7.182 21.155 16.922 10
-6.493 19.306 20.867 10
-7.374 18.09 23.932 10
-6.655 16.299 25.052 10
-6.301 14.69 24.114 10
-5.784 13.589 22.064 10
-4.587 12.995 19.603 10
-3.38 12.066 16.95 10
-2.557 10.409 14.269 10
-3.007 8.446 12.267 10
-3.409 6.493 10.524 10
-3.782 4.96 9.299 10
-4.031 3.62 8.513 10
-4.223 2.777 8.255 10
-3.447 1.628 7.92 10
-3.236 1.11 7.642 10
-2.624 0.909 7.546 10
-1.972 0.89 7.211 10
-1.216 0.919 6.426 11
-0.526 1.053 5.516 9
0.191 1.149 4.481 10
0.545 1.264 3.524 10
0.928 1.216 2.547 10
1.072 1.11 1.896 10
1.13 0.957 1.359 10
1.005 0.928 0.948 11
0.756 0.957 0.526 10
0.44 0.995 0.086 10
0.134 1.024 -0.229 9
-0.325 1.034 -0.517 10
-0.833 1.043 -0.593 10
-1.254 1.072 -0.536 10
-1.465 1.015 -0.306 10
-1.264 0.833 0.134 10
-0.957 0.718 0.957 11
-0.584 0.507 1.369 9
-0.363 0.421 1.532 11
-0.43 0.43 1.561 9
-0.526 0.679 1.733 10
-0.746 1.043 2.03 10
-1.254 1.225 2.882 10
-2.116 1.35 4.242 10
-2.547 1.484 5.726 10
-2.796 1.771 6.952 10
-2.422 2.547 8.389 10
-1.829 3.543 9.643 10
-1.369 4.73 11.693 10
-1.781 6.148 14.834 10
-2.978 7.383 18.406 10
-4.204 8.274 21.93 10
-4.635 9.624 23.76 10
-3.236 11.817 23.635 10
-1.493 13.79 22.093 10
0.067 15.638 19.814 10
1.742 16.51 17.535 10
2.518 17.046 15.035 10
1.838 16.95 13.101 11
1.053 16.136 11.741 9
0.718 14.183 10.409 10
-0.201 11.291 9.902 10
-1.733 8.389 10.371 10
-3.945 5.688 11.061 10
-5.746 3.284 11.434 10
-7.287 1.637 11.3 10
-8.006 1.11 10.764 11
-8.341 1.331 9.356 10
-7.91 1.905 7.508 9
-6.971 2.48 5.037 11
-6.09 3.045 2.94 10
-4.232 3.217 0.986 9
-2.987 3.361 -0.469 10
-1.944 3.428 -1.58 10
-1.12 3.371 -1.982 10
-0.43 3.38 -2.059 10
-0.162 3.447 -1.991 10
-0.105 3.38 -1.905 10
-0.536 3.246 -1.292 11
-1.082 3.102 -0.335 9
-1.628 2.949 0.497 11
-1.867 2.7 1.283 9
-1.781 2.317 1.599 10
-1.685 1.924 1.742 10
-1.532 1.762 1.666 10
-1.331 1.695 1.465 10
-1.168 1.618 1.407 10
-1.063 1.589 1.455 10
-1.283 1.685 1.723 11
-1.733 1.934 1.982 10
-2.298 2.26 2.365 10
-2.738 2.643 2.786 9
-3.035 2.815 3.122 10
-3.572 2.748 3.936 10
-3.447 2.748 4.74 10
-4.089 3.035 5.937 10
-4.702 3.83 7.125 10
-5.171 4.635 7.891 10
-6.224 6.023 9.241 10
-5.554 7.23 9.988 10
-5.248 8.848 10.898 10
-4.137 9.892 11.482 10
-3.38 10.63 12.114 10
-3.093 11.233 13.397 10
-3.313 11.683 14.221 10
-2.834 10.85 13.713 10
-1.589 9.567 13.148 10
-0.344 9.107 13.733 10
-0.335 8.226 15.275 10
-0.995 6.655 16.836 10
-1.187 5.133 18.138 10
-1.053 4.127 18.732 10
-0.756 3.572 18.167 10
-0.344 3.457 16.855 10
-0.229 3.677 15.227 10
-0.45 3.955 13.867 10
-0.383 4.185 12.507 10
-0.229 4.424 11.291 10
-0.067 4.529 10.007 11
-0.162 4.462 9.212 9
-0.335 4.386 8.906 10
-0.746 4.252 8.772 10
-1.312 3.888 8.705 10
-1.819 3.466 8.753 10
-2.308 3.265 8.552 11
-2.815 3.256 8.178 10
-3.189 3.495 7.536 9
-3.045 3.734 6.828 10
-2.528 3.945 6.09 10
-1.953 3.907 5.736 10
-1.34 3.696 5.87 10
-0.727 3.39 6.272 11
-0.287 3.083 6.809 10
0.047 3.064 7.335 9
0.153 3.371 7.833 10
0.086 3.677 8.35 10
-0.201 3.84 8.858 10
-0.641 3.888 9.49 10
-1.034 3.734 9.768 10
-1.149 3.629 9.682 10
-1.101 3.591 9.337 10
-1.024 3.495 8.963 11
-0.881 3.371 8.686 10
-0.67 3.275 8.58 9
-0.632 3.112 8.667 10
-0.986 2.911 9.165 10
-1.733 2.901 9.548 10
-2.566 2.978 9.385 10
-3.083 3.16 8.762 10
-3.399 3.323 8.561 10
-3.265 3.438 9.844 10
-1.541 4.031 8.398 10
-1.244 3.926 8.906 10
-0.785 4.118 8.714 10
-0.612 4.232 8.743 10
-0.794 4.462 8.427 10
-0.909 4.683 7.92 10
-1.12 4.884 7.489 10
-1.244 4.97 7.354 10
-1.484 5.018 7.441 11
-1.79 5.008 7.671 9
-1.924 4.941 7.977 10
-1.551 4.654 8.485 10
-1.264 4.309 9.059 10
-1.379 4.194 9.318 10
-1.532 4.146 9.299 11
-1.608 4.118 9.097 9
-1.455 4.156 8.81 10
-1.292 4.204 8.379 11
-1.197 4.271 7.92 9
-1.158 4.299 7.68 10
-1.283 4.28 7.671 11
-1.388 4.357 7.881 9
-1.58 4.367 8.14 10
-1.723 4.414 8.379 10
-1.733 4.462 8.599 10
-1.34 4.453 8.686 10
-1.637 4.462 8.485 11
-1.283 4.663 8.236 9
-1.618 4.616 8.14 10
-1.704 4.635 8.236 11
-1.867 4.548 8.456 9
-1.972 4.481 8.657 10
-1.972 4.539 8.753 10
-1.781 4.462 8.848 10
-1.656 4.386 8.906 11
-1.551 4.357 8.925 9
-1.541 4.405 8.906 11
-1.637 4.539 8.647 9
-1.714 4.721 8.293 10
-1.79 4.845 8.092 10
-1.924 4.845 8.101 10
-1.886 4.788 8.274 10
-1.829 4.692 8.523 10
-1.81 4.616 8.657 10
-1.781 4.51 8.772 10
-1.79 4.51 8.801 10
-1.666 4.539 8.781 10
-1.503 4.548 8.714 10
-1.398 4.529 8.599 11
-1.455 4.539 8.552 9
-1.561 4.491 8.59 10
-1.647 4.414 8.686 16
-1.675 4.376 8.695 4
-1.608 4.405 8.513 10
-1.599 4.453 8.331 10
-1.628 4.491 8.331 10
-1.589 4.548 8.331 10
-1.541 4.577 8.283 10
-1.436 4.558 8.322 10
-1.417 4.568 8.504 10
-1.369 4.52 8.638 10
-1.235 4.443 8.82 10
-1.053 4.434 8.829 10
-1.015 4.472 8.695 10
-1.034 4.501 8.494 10
-1.091 4.491 8.398 11
-1.292 4.481 8.408 10
-1.513 4.462 8.456 10
-1.599 4.443 8.647 9
-1.618 4.405 8.858 10
-1.637 4.367 9.011 10
-1.503 4.405 8.973 11
-1.35 4.414 8.877 10
-1.197 4.434 8.81 9
-1.177 4.434 8.686 10
-1.302 4.472 8.475 10
-1.484 4.501 8.331 10
-1.58 4.529 8.216 10
-1.561 4.481 8.178 10
-1.446 4.434 8.245 11
-1.379 4.395 8.418 9
-1.35 4.328 8.638 10
-1.359 4.319 8.82 11
-1.379 4.338 8.772 9
-1.388 4.424 8.513 10
-1.34 4.51 8.236 10
-1.331 4.529 8.101 11
-1.379 4.51 8.149 9
-1.426 4.481 8.255 10
-1.417 4.453 8.398 10
-1.455 4.434 8.542 10
-1.561 4.434 8.657 11
-1.57 4.357 8.791 10
-1.455 4.328 8.887 10
-1.34 4.338 8.896 9
-1.312 4.319 8.839 10
-1.398 4.328 8.839 10
-1.474 4.395 8.801 10
-1.57 4.424 8.724 10
-1.656 4.443 8.638 10
-1.637 4.472 8.599 10
-1.589 4.472 8.647 10
-1.503 4.414 8.695 11
-1.417 4.414 8.781 9
-1.35 4.424 8.868 10
-1.417 4.472 8.868 10
-1.541 4.501 8.801 10
-1.58 4.501 8.801 10
-1.561 4.481 8.848 10
-1.503 4.462 8.829 11
-1.474 4.434 8.801 10
-1.503 4.395 8.772 10
-1.551 4.405 8.781 9
-1.599 4.481 8.676 10
-1.608 4.558 8.599 10
-1.532 4.596 8.552 11
-1.513 4.606 8.532 10
-1.484 4.577 8.59 9
-1.493 4.529 8.657 11
-1.513 4.481 8.676 9
-1.513 4.443 8.714 11
-1.532 4.386 8.743 10
-1.551 4.328 8.753 9
-1.561 4.328 8.714 10
-1.541 4.319 8.647 11
-1.513 4.338 8.609 10
-1.513 4.434 8.599 9
-1.522 4.529 8.59 10
-1.541 4.568 8.532 10
-1.561 4.548 8.504 10
-1.541 4.501 8.418 10
-1.465 4.481 8.341 10
-1.455 4.501 8.236 10
-1.407 4.501 8.13 10
-1.379 4.539 8.121 11
-1.388 4.596 8.13 10
-1.465 4.635 8.188 9
-1.541 4.654 8.255 10
-1.493 4.654 8.389 10
-1.379 4.644 8.36 10
-1.35 4.625 8.274 10
-1.398 4.644 8.226 10
-1.369 4.654 8.159 10
-1.398 4.654 8.092 10
-1.484 4.654 8.101 10
-1.541 4.673 8.188 10
-1.522 4.635 8.389 10
-1.455 4.596 8.58 10
-1.407 4.635 8.714 10
-1.292 4.644 8.705 10
-1.206 4.673 8.647 10
-1.197 4.75 8.542 10
-1.254 4.826 8.456 10
-1.369 4.845 8.408 10
-1.398 4.855 8.408 10
-1.436 4.855 8.437 10
-1.465 4.817 8.513 10
-1.474 4.759 8.628 10
-1.388 4.721 8.753 10
-1.34 4.683 8.848 10
-1.235 4.702 8.82 10
-1.12 4.74 8.686 11
-1.024 4.759 8.619 9
-1.072 4.721 8.638 10
-1.216 4.702 8.619 11
-1.283 4.721 8.599 9
-1.312 4.702 8.628 10
-1.302 4.663 8.743 10
-1.264 4.692 8.743 10
-1.216 4.711 8.705 10
-1.168 4.75 8.599 10
-1.101 4.778 8.456 10
-1.053 4.788 8.312 10
-1.015 4.807 8.216 11
-1.053 4.788 8.283 9
-1.12 4.769 8.408 10
-1.244 4.702 8.561 10
-1.283 4.635 8.59 10
-1.187 4.596 8.504 10
-1.034 4.548 8.35 10
-0.948 4.548 8.322 10
-1.063 4.587 8.37 10
-1.197 4.683 8.532 10
-1.264 4.807 8.609 11
-1.302 4.874 8.638 9
-1.369 4.903 8.609 11
-1.359 4.893 8.552 10
-1.283 4.769 8.542 9
-1.235 4.683 8.418 10
-1.197 4.635 8.283 10
-1.206 4.616 8.207 11
-1.302 4.587 8.207 10
-1.35 4.548 8.331 10
-1.331 4.568 8.418 9
-1.312 4.587 8.379 10
-1.283 4.606 8.427 11
-1.254 4.635 8.475 9
-1.283 4.673 8.504 10
-1.292 4.73 8.475 10
-1.312 4.788 8.446 10
-1.34 4.797 8.37 10
-1.331 4.807 8.283 10
-1.264 4.778 8.303 10
-1.206 4.759 8.446 11
-1.206 4.721 8.599 10
-1.225 4.692 8.705 10
-1.225 4.683 8.667 9
-1.187 4.759 8.532 10
-1.158 4.788 8.36 11
-1.177 4.797 8.37 9
-1.235 4.73 8.513 10
-1.312 4.635 8.552 10
-1.35 4.558 8.638 10
-1.359 4.568 8.647 10
-1.446 4.635 8.609 10
-1.426 4.683 8.58 11
-1.369 4.73 8.561 9
-1.321 4.797 8.532 10
-1.235 4.836 8.475 10
-1.149 4.855 8.36 10
-1.072 4.874 8.216 10
-1.11 4.855 8.216 10
-1.187 4.788 8.322 11
-1.206 4.663 8.456 9
-1.158 4.548 8.58 10
-1.187 4.481 8.686 11
-1.273 4.434 8.781 9
-1.34 4.462 8.762 10
-1.321 4.529 8.676 10
-1.292 4.644 8.523 10
-1.264 4.702 8.446 10
-1.264 4.75 8.408 10
-1.235 4.721 8.389 10
-1.168 4.721 8.427 10
-1.101 4.683 8.465 10
-1.091 4.663 8.446 11
-1.13 4.616 8.398 9
-1.158 4.606 8.389 10
-1.13 4.606 8.341 10
-1.11 4.625 8.303 10
-1.072 4.635 8.37 10
-1.034 4.616 8.465 11
-1.024 4.654 8.504 9
-1.015 4.673 8.513 10
-1.043 4.74 8.523 10
-1.101 4.836 8.532 10
-1.158 4.817 8.561 10
-1.254 4.845 8.552 10
-1.312 4.807 8.571 10
-1.244 4.75 8.609 10
-1.149 4.692 8.59 10
-1.091 4.654 8.571 10
-0.986 4.625 8.542 10
-0.938 4.587 8.552 10
-0.919 4.606 8.59 10
-0.842 4.644 8.599 11
-0.794 4.692 8.609 9
-0.785 4.644 8.638 11
-0.861 4.644 8.772 9
-0.957 4.616 8.82 10
-1.043 4.616 8.753 11
-1.034 4.644 8.647 9
-0.976 4.663 8.561 10
-0.89 4.654 8.494 10
-0.823 4.644 8.523 10
-0.766 4.596 8.599 10
-0.766 4.548 8.628 11
-0.756 4.558 8.571 9
-0.756 4.587 8.475 10
-0.814 4.587 8.389 10
-0.89 4.606 8.389 10
-0.909 4.587 8.389 10
-0.967 4.577 8.427 10
-0.957 4.548 8.532 10
-0.986 4.539 8.599 10
-1.005 4.568 8.609 10
-0.995 4.52 8.532 10
-0.986 4.491 8.619 11
-1.024 4.462 8.734 9
-1.063 4.414 8.734 10
-1.13 4.395 8.762 11
-1.197 4.434 8.753 9
-1.197 4.434 8.638 10
-1.13 4.405 8.571 10
-1.043 4.395 8.599 10
-1.024 4.357 8.647 10
-0.938 4.424 8.667 11
-0.9 4.453 8.762 10
-0.881 4.453 8.743 9
-0.9 4.52 8.667 10
-0.871 4.587 8.619 10
-0.948 4.625 8.532 10
-0.995 4.616 8.542 11
-1.015 4.577 8.628 9
-1.034 4.548 8.686 10
-0.995 4.52 8.772 10
-0.909 4.491 8.762 11
-0.833 4.529 8.724 9
-0.842 4.529 8.772 11
-0.871 4.539 8.848 10
-0.928 4.491 8.791 9
-0.881 4.481 8.676 10
-0.814 4.501 8.609 10
-0.785 4.481 8.59 10
-0.833 4.443 8.628 10
-0.919 4.414 8.638 10
-0.957 4.367 8.695 10
-1.015 4.357 8.734 10
-0.976 4.338 8.762 11
-0.89 4.357 8.762 10
-0.804 4.367 8.743 9
-0.794 4.424 8.686 10
-0.766 4.472 8.599 11
-0.775 4.481 8.58 9
-0.842 4.472 8.552 10
-0.871 4.462 8.561 10
-0.871 4.462 8.628 10
-0.814 4.443 8.705 10
-0.804 4.386 8.772 11
-0.823 4.328 8.81 10
-0.89 4.347 8.829 9
-0.833 4.405 8.801 11
-0.852 4.453 8.734 9
-0.881 4.481 8.609 10
-0.89 4.529 8.571 10
-0.909 4.529 8.609 10
-0.909 4.52 8.734 10
-0.9 4.453 8.829 11
-0.833 4.443 8.772 9
-0.785 4.424 8.705 10
-0.718 4.434 8.676 10
-0.689 4.443 8.695 10
-0.708 4.434 8.695 10
-0.756 4.443 8.714 10
-0.775 4.481 8.724 10
-0.756 4.52 8.676 11
-0.785 4.529 8.638 9
-0.766 4.587 8.58 10
-0.785 4.548 8.561 11
-0.746 4.529 8.542 9
-0.718 4.501 8.542 10
-0.727 4.481 8.638 10
-0.785 4.443 8.714 10
-0.746 4.434 8.676 10
-0.708 4.424 8.647 10
-0.67 4.453 8.686 10
-0.689 4.462 8.734 10
-0.746 4.434 8.753 10
-0.746 4.424 8.695 10
-0.67 4.472 8.59 10
-0.651 4.501 8.561 10
-0.737 4.462 8.628 10
-0.89 4.376 8.676 10
-0.948 4.386 8.686 10
-0.909 4.357 8.676 10
-0.861 4.376 8.657 11
-0.794 4.424 8.676 10
-0.708 4.434 8.676 9
-0.641 4.462 8.647 10
-0.632 4.462 8.59 10
-0.612 4.462 8.561 10
-0.651 4.462 8.599 10
-0.679 4.453 8.571 10
-0.727 4.443 8.667 10
-0.689 4.414 8.858 10
-0.823 4.414 8.935 11
-0.814 4.367 8.916 9
-0.756 4.347 8.954 10
-0.737 4.367 8.973 10
-0.737 4.347 8.916 11
-0.756 4.367 8.877 9
-0.804 4.414 8.81 11
-0.804 4.453 8.714 9
-0.775 4.481 8.657 10
-0.756 4.51 8.58 11
-0.727 4.481 8.561 9
-0.699 4.434 8.657 11
-0.689 4.395 8.743 9
-0.746 4.386 8.743 10
-0.718 4.367 8.772 10
-0.689 4.367 8.762 10
-0.718 4.367 8.724 10
-0.756 4.386 8.695 10
-0.756 4.405 8.628 10
-0.804 4.414 8.619 11
-0.794 4.405 8.667 9
-0.794 4.395 8.743 10
-0.756 4.338 8.896 10
-0.766 4.319 8.944 10
-0.727 4.347 8.858 11
-0.708 4.347 8.772 9
-0.66 4.386 8.686 10
-0.689 4.395 8.638 11
-0.67 4.434 8.59 9
-0.651 4.405 8.58 10
-0.679 4.376 8.561 10
-0.67 4.376 8.552 10
-0.651 4.395 8.599 10
-0.651 4.376 8.638 11
-0.679 4.357 8.628 10
-0.775 4.328 8.657 9
-0.852 4.29 8.724 10
-0.814 4.261 8.801 10
-0.746 4.242 8.916 10
-0.67 4.242 8.983 10
-0.612 4.28 8.973 10
-0.612 4.309 8.944 10
-0.632 4.367 8.887 11
-0.632 4.424 8.734 9
-0.651 4.491 8.561 10
-0.766 4.558 8.465 11
-0.823 4.539 8.427 9
-0.881 4.501 8.542 11
-0.9 4.434 8.705 10
-0.9 4.347 8.839 9
-0.823 4.309 9.011 10
-0.804 4.28 9.05 10
-0.756 4.309 8.963 10
-0.708 4.299 8.935 10
-0.689 4.328 8.829 10
-0.708 4.395 8.734 10
-0.737 4.414 8.638 10
-0.766 4.472 8.532 10
-0.756 4.501 8.465 10
-0.727 4.51 8.427 10
-0.679 4.481 8.456 10
-0.679 4.462 8.58 10
-0.67 4.405 8.705 10
-0.66 4.376 8.753 10
-0.651 4.405 8.743 11
-0.632 4.414 8.705 9
-0.622 4.453 8.628 11
-0.651 4.481 8.523 9
-0.699 4.529 8.437 10
-0.814 4.539 8.379 10
-0.909 4.548 8.341 10
-0.976 4.596 8.389 11
-0.957 4.539 8.58 10
-0.842 4.424 8.791 9
-0.699 4.357 8.963 10
-0.641 4.29 9.04 10
-0.679 4.261 8.973 10
-0.737 4.252 8.925 11
-0.746 4.223 8.839 10
-0.679 4.261 8.753 9
-0.593 4.357 8.667 10
-0.612 4.462 8.667 10
-0.67 4.453 8.686 10
-0.746 4.434 8.609 11
-0.785 4.443 8.59 9
-0.814 4.405 8.657 10
-0.737 4.347 8.772 11
-0.689 4.338 8.868 9
-0.708 4.376 8.887 11
-0.737 4.395 8.887 9
-0.756 4.481 8.791 10
-0.756 4.539 8.494 10
-0.718 4.596 8.283 11
-0.708 4.577 8.331 9
-0.756 4.491 8.571 10
-0.727 4.395 8.801 10
-0.622 4.338 9.021 10
-0.526 4.328 8.906 10
-0.536 4.367 8.676 10
-0.497 4.376 8.552 10
-0.421 4.328 8.504 10
-0.354 4.261 8.35 10
-0.478 4.376 8.149 10
-0.737 4.501 7.9 11
-0.785 4.769 5.487 9
-1.292 4.874 7.383 10
-1.742 4.137 10.295 10
-1.455 3.897 11.07 10
-1.379 4.127 11.032 10
-0.938 4.194 10.036 10
-0.67 4.663 8.791 10
-0.756 4.865 7.852 10
-1.197 4.874 7.316 10
-1.369 4.73 7.613 10
-1.321 4.414 8.034 10
-1.264 4.213 8.427 10
-1.292 4.156 8.81 10
-1.168 4.204 8.925 10
-1.034 4.271 8.81 10
-0.967 4.347 8.753 11
-0.967 4.376 8.935 9
-1.034 4.367 9.251 10
-1.043 4.347 9.5 10
-0.881 4.376 9.279 10
-0.478 4.472 8.628 10
-0.124 4.491 8.264 10
-0.153 4.357 8.274 10
-0.478 4.185 8.667 10
-0.775 4.118 9.069 10
-0.871 4.146 9.184 10
-0.852 4.271 9.126 10
-0.881 4.357 8.906 10
-0.89 4.481 8.724 10
-0.881 4.529 8.571 10
-0.871 4.539 8.494 10
-0.89 4.491 8.513 11
-0.928 4.414 8.734 9
-0.957 4.376 8.925 11
-1.015 4.357 8.935 9
-1.005 4.386 8.906 10
-0.89 4.453 8.753 10
-0.823 4.462 8.657 10
-0.842 4.424 8.609 10
-0.881 4.434 8.58 10
-0.833 4.376 8.542 10
-0.842 4.299 8.619 10
-0.89 4.252 8.638 10
-0.948 4.242 8.657 10
-0.9 4.204 8.743 10
-0.89 4.213 8.839 10
-0.938 4.261 8.81 10
-0.909 4.319 8.743 10
-0.9 4.414 8.628 10
-0.938 4.414 8.619 10
-1.072 4.414 8.762 10
-1.168 4.472 8.839 10
-1.082 4.481 8.791 10
-0.928 4.491 8.705 10
-0.833 4.472 8.561 10
-0.794 4.376 8.513 10
-0.804 4.29 8.59 11
-0.833 4.194 8.695 9
-0.861 4.175 8.762 10
-0.881 4.204 8.734 10
-0.9 4.261 8.82 10
-0.976 4.347 8.772 10
-1.043 4.472 8.58 10
-0.957 4.529 8.446 10
-0.928 4.558 8.36 11
-0.9 4.472 8.35 9
-0.9 4.386 8.475 11
-0.833 4.261 8.676 9
-0.785 4.127 8.877 10
-0.814 4.089 9.097 10
-0.89 4.098 9.222 10
-1.13 4.194 9.327 10
-1.359 4.386 9.097 10
-1.206 4.635 8.686 10
-0.89 4.788 8.264 11
-0.756 4.74 8.044 10
-0.756 4.635 8.082 9
-0.775 4.434 8.322 10
-0.766 4.204 8.58 10
-0.775 4.041 8.925 10
-0.737 4.022 9.117 10
-0.689 4.118 9.021 10
-0.785 4.328 8.762 10
-0.823 4.434 8.542 11
-0.756 4.501 8.446 9
-0.746 4.462 8.609 10
-0.823 4.434 8.791 10
-0.995 4.472 8.714 10
-1.149 4.587 8.59 10
-1.244 4.663 8.245 10
-1.35 4.721 7.958 10
-1.34 4.74 8.006 10
-1.312 4.635 8.236 10
-1.091 4.51 8.456 10
-1.015 4.338 8.667 11
-0.9 4.414 7.977 9
-1.513 4.558 8.465 11
-2.183 3.936 10.591 9
-1.771 4.022 10.879 10
-1.302 4.414 10.141 10
-0.919 4.912 8.81 10
-1.034 5.123 7.46 10
-1.158 5.334 6.895 10
-1.436 5.209 6.866 10
-1.647 4.912 7.393 10
-1.532 4.596 8.092 10
-1.264 4.357 8.619 10
-1.101 4.28 8.973 10
-1.053 4.232 9.184 10
-0.976 4.194 9.299 10
-0.785 4.079 9.212 10
-0.641 4.06 8.992 11
-0.66 4.137 8.801 9
-0.785 4.175 8.762 10
-0.9 4.175 8.82 10
-0.995 4.213 8.896 10
-1.063 4.29 8.963 11
-1.091 4.357 9.002 9
-1.072 4.405 8.963 10
-0.986 4.434 8.858 10
-0.909 4.424 8.772 10
-0.842 4.386 8.743 10
-0.775 4.367 8.714 10
-0.9 4.357 8.667 11
-1.024 4.347 8.599 9
-1.101 4.338 8.523 10
-1.13 4.357 8.513 10

# Completed @Fri Dec 02 13:33:38 CST 2016
