# Accelerometer Data File
# Started @Fri Dec 02 13:32:56 CST 2016
#
#
# sensor Vendor: hTC Corp.
# sensor Name: Accelerometer Sensor
# sensor Resolution: 0.01m/sec^2; Max Range: 39.2266; Min Delay: 10000 microseconds
# The sensor's attributes are the result hardware and the Android capabilities.
# It means that the Android may not utilize all features provided by the hardware.
#
# Some devices and Android versions save battery too much so the device may go to sleep.
# It just happens after couple of minutes from turning off the scree and it is easy to find it out.
#
# The following file provides the data from accelerometer in the m/s^2 format.
# The diff value is just a time delta between the samples
#
#
# data format:
# so we have 4 columns with values separated by the " "
# X Y Z time_from_previous_sample(ms)

# sensor speed set to:FASTEST
# units set to: m/sec^2
# gravity NOT filtered out
# Accuracy: HIGH
-1.01 4.27 8.76 0
-1.209 4.339 8.58 9
-1.1 4.44 8.769 10
-1.069 4.39 8.82 10
-0.94 4.27 8.94 10
-0.82 4.13 9.0 10
-0.75 4.049 9.05 10
-0.7 4.0 9.0 10
-0.659 3.98 9.07 10
-0.57 3.97 9.03 10
-0.53 3.97 9.0 10
-0.659 4.02 8.98 10
-0.77 4.1 8.96 10
-0.789 4.19 8.99 10
-0.77 4.299 8.96 10
-0.669 4.279 8.99 10
-0.7 4.19 8.98 10
-0.64 4.13 8.97 10
-0.61 4.12 8.96 10
-0.62 4.1 8.98 10
-0.62 4.15 8.99 10
-0.61 4.16 8.99 10
-0.61 4.1 8.99 10
-0.61 4.069 9.01 10
-0.69 4.069 9.059 10
-0.7 4.08 9.0 10
-0.76 4.06 8.99 10
-0.75 4.049 8.88 10
-0.719 4.029 8.92 10
-0.74 4.029 8.88 10
-0.77 4.049 8.86 10
-0.81 4.08 8.88 9
-0.77 4.1 8.91 10
-0.74 4.029 8.929 10
-0.74 4.029 8.94 10
-0.77 4.04 8.98 10
-0.729 4.049 8.98 10
-0.719 3.97 8.889 10
-0.77 3.919 9.01 10
-0.719 3.959 8.95 10
-0.74 3.99 8.94 10
-0.78 3.97 8.98 10
-0.719 3.98 8.96 10
-0.7 4.029 8.91 10
-0.74 4.02 8.92 10
-0.76 4.009 8.96 10
-0.859 4.009 8.95 10
-0.84 4.009 8.97 10
-0.849 4.009 9.0 10
-0.84 3.949 9.03 10
-0.81 3.929 8.98 10
-0.81 3.939 8.94 10
-0.789 3.97 8.97 10
-0.77 4.06 8.889 10
-0.789 4.069 8.91 10
-0.77 4.04 8.929 10
-0.75 3.99 8.91 10
-0.82 4.029 8.94 10
-0.789 4.0 8.96 10
-0.789 4.0 9.01 10
-0.77 3.99 8.98 10
-0.75 3.939 8.95 9
-0.76 3.899 8.94 10
-0.799 3.919 8.99 10
-0.81 3.939 9.01 10
-0.84 3.959 8.94 10
-0.89 3.939 8.95 10
-0.88 3.919 8.92 10
-0.859 3.889 8.91 10
-0.88 3.909 8.95 10
-0.93 3.919 9.0 10
-0.93 3.939 9.08 10
-0.82 3.939 9.07 10
-0.75 3.909 9.07 10
-0.77 3.899 9.05 10
-0.76 3.909 9.059 10
-0.799 3.97 9.0 10
-0.78 3.99 9.0 10
-0.78 3.98 9.01 10
-0.859 3.98 9.03 10
-0.799 4.0 9.03 10
-0.81 4.06 8.96 10
-0.77 3.959 9.0 10
-0.74 3.959 8.97 10
-0.71 4.0 9.019 10
-0.76 4.02 8.96 10
-0.7 3.98 9.04 10
-0.75 3.929 9.0 10
-0.75 3.98 8.94 10
-0.76 3.929 8.99 10
-0.789 3.919 8.91 10
-0.83 3.909 9.01 9
-0.859 3.899 9.0 10
-0.81 3.84 9.07 10
-0.77 3.85 9.08 10
-0.729 3.889 9.059 10
-0.82 3.929 8.98 10
-0.89 3.939 9.019 10
-0.93 3.97 8.95 10
-0.859 3.899 9.019 10
-0.849 3.86 9.03 10
-0.84 3.86 9.08 10
-0.88 3.939 9.13 10
-0.82 3.99 9.099 10
-0.789 3.899 9.13 10
-0.75 3.939 9.12 10
-0.729 3.97 9.059 10
-0.729 3.99 9.0 10
-0.74 3.99 8.92 10
-0.68 3.99 8.929 10
-0.669 3.98 8.889 10
-0.71 4.02 8.96 10
-0.7 3.98 8.95 10
-0.7 3.949 8.96 10
-0.7 3.959 8.96 10
-0.68 3.929 8.96 10
-0.75 3.919 9.0 10
-0.78 3.939 8.95 10
-0.789 3.929 9.019 10
-0.77 3.949 9.01 10
-0.729 3.899 9.0 10
-0.76 3.939 8.95 10
-0.76 3.919 8.99 9
-0.789 3.919 8.98 10
-0.77 3.949 8.96 10
-0.77 4.009 9.03 10
-0.78 3.959 9.03 10
-0.74 3.919 9.04 10
-0.69 3.949 9.09 10
-0.69 3.939 9.07 10
-0.68 3.949 9.04 10
-0.64 3.959 9.05 10
-0.659 3.98 8.99 10
-0.669 4.0 8.9 10
-0.69 3.99 8.98 10
-0.76 4.06 9.05 10
-0.76 4.06 9.03 10
-0.74 3.99 9.09 10
-0.69 3.97 9.08 10
-0.64 3.909 9.099 10
-0.7 3.98 9.019 10
-0.69 3.97 9.0 10
-0.75 4.009 9.01 10
-0.74 3.959 8.98 10
-0.719 3.889 8.99 10
-0.659 3.889 8.889 10
-0.669 3.899 8.929 10
-0.7 3.98 8.889 10
-0.69 3.98 8.92 10
-0.78 3.97 8.889 10
-0.77 3.959 8.889 10
-0.719 3.949 8.96 10
-0.659 3.86 9.03 9
-0.64 3.85 9.059 10
-0.68 3.87 9.04 10
-0.68 3.949 9.05 10
-0.669 3.959 9.04 10
-0.65 3.99 9.05 10
-0.58 3.959 9.03 10
-0.59 3.929 8.96 10
-0.62 3.919 8.92 10
-0.7 3.959 8.91 10
-0.729 4.0 8.94 10
-0.7 3.949 8.9 10
-0.69 3.919 8.98 10
-0.729 3.909 8.95 10
-0.7 3.879 8.97 10
-0.729 3.889 9.0 10
-0.75 3.949 9.05 10
-0.719 3.98 9.019 10
-0.75 3.98 8.97 10
-0.78 3.949 8.98 10
-0.729 3.949 8.99 10
-0.71 3.949 9.05 10
-0.76 3.949 8.99 10
-0.7 3.959 9.059 10
-0.68 3.98 9.11 10
-0.68 3.97 9.08 10
-0.669 4.02 9.019 10
-0.659 3.99 8.96 10
-0.69 4.009 8.929 10
-0.65 4.0 8.94 10
-0.68 4.04 9.01 9
-0.719 4.049 8.99 10
-0.7 4.009 9.04 10
-0.69 3.98 9.08 10
-0.669 3.919 9.04 10
-0.659 3.929 9.07 10
-0.68 3.939 9.13 10
-0.69 3.959 9.07 10
-0.719 3.97 9.04 10
-0.729 3.929 9.04 10
-0.71 3.909 8.929 10
-0.659 3.87 8.98 10
-0.659 3.87 9.03 10
-0.63 3.86 9.0 10
-0.63 3.87 9.03 10
-0.7 3.85 9.0 10
-0.729 3.959 8.99 10
-0.83 4.029 8.99 10
-0.989 4.0 9.01 10
-0.84 3.97 9.08 10
-0.71 3.899 9.13 10
-0.64 3.84 9.099 10
-0.599 3.85 9.059 10
-0.71 3.909 9.019 10
-0.78 3.959 8.98 10
-0.81 4.06 8.99 10
-0.789 4.029 8.99 10
-0.71 4.0 9.07 10
-0.69 3.97 9.03 10
-0.659 3.939 8.97 10
-0.669 3.949 8.95 9
-0.7 3.929 8.91 10
-0.68 3.949 8.889 10
-0.69 3.99 8.91 10
-0.62 3.97 8.86 10
-0.65 3.939 8.88 10
-0.729 3.959 8.92 10
-0.74 3.909 8.98 10
-0.76 3.949 8.97 10
-0.76 3.86 9.01 10
-0.77 3.879 9.04 10
-0.76 3.909 9.03 10
-0.71 3.86 9.08 10
-0.729 3.87 9.01 10
-0.68 3.879 9.04 10
-0.69 3.939 9.059 10
-0.68 3.97 9.0 10
-0.729 4.0 9.01 10
-0.729 3.929 9.01 10
-0.71 3.949 8.99 10
-0.7 3.98 9.019 10
-0.71 3.99 9.059 10
-0.729 3.939 9.08 10
-0.7 3.97 9.03 10
-0.719 4.009 9.0 10
-0.7 4.02 9.05 10
-0.7 3.939 9.019 10
-0.7 3.97 9.05 10
-0.669 3.919 9.01 10
-0.65 3.899 9.09 10
-0.669 3.899 9.08 10
-0.7 3.889 9.09 9
-0.729 3.86 9.11 10
-0.7 3.86 9.07 10
-0.669 3.8 9.04 10
-0.669 3.81 9.0 10
-0.719 3.85 8.96 10
-0.729 3.919 8.92 10
-0.76 3.97 8.86 10
-0.76 3.879 8.96 10
-0.74 3.86 8.96 10
-0.71 3.919 8.98 10
-0.719 3.929 9.0 10
-0.77 3.899 8.98 10
-0.75 3.87 8.96 10
-0.7 3.87 9.059 10
-0.71 3.919 9.09 10
-0.75 3.889 9.03 10
-0.74 3.929 9.03 10
-0.69 3.909 9.08 10
-0.7 3.899 9.07 10
-0.669 3.899 9.03 10
-0.669 3.889 9.01 10
-0.71 3.899 9.04 10
-0.69 3.87 9.019 10
-0.68 3.929 9.0 10
-0.69 3.889 9.05 10
-0.729 3.949 9.05 10
-0.78 3.879 8.99 10
-0.71 3.899 9.099 10
-0.68 3.86 9.13 10
-0.71 3.879 9.059 9
-0.68 3.899 9.08 10
-0.74 3.929 9.05 10
-0.74 3.929 9.019 10
-0.75 3.909 9.019 10
-0.68 3.909 8.97 10
-0.719 3.949 8.96 10
-0.729 3.919 8.96 10
-0.719 3.889 8.94 10
-0.68 3.949 8.95 10
-0.659 3.98 9.0 10
-0.75 3.949 9.01 10
-0.71 3.97 8.97 10
-0.71 3.99 9.04 10
-0.729 3.939 9.03 10
-0.81 3.87 9.03 10
-0.71 3.85 9.03 10
-0.71 3.86 9.09 10
-0.69 3.889 9.01 10
-0.729 3.929 8.99 10
-0.75 3.929 9.04 10
-0.729 3.929 8.97 10
-0.719 3.87 8.97 10
-0.7 3.84 9.03 10
-0.69 3.899 9.01 10
-0.75 3.939 8.99 10
-0.81 3.949 8.94 10
-0.849 3.929 8.97 10
-0.859 3.919 8.92 10
-0.87 3.82 8.95 10
-0.83 3.899 8.95 9
-0.849 3.84 9.04 10
-0.799 3.86 9.05 10
-0.789 3.83 9.11 10
-0.78 3.85 9.11 10
-0.729 3.82 9.07 10
-0.64 3.79 9.09 10
-0.64 3.78 9.09 10
-0.59 3.78 8.96 10
-0.51 3.73 8.84 10
-0.51 3.699 8.78 10
-0.45 3.61 8.66 10
-0.44 3.53 8.59 10
-0.41 3.55 8.61 10
-0.48 3.51 8.36 10
-0.659 3.52 8.36 10
-0.83 3.57 8.309 10
-0.96 3.62 8.109 10
-1.25 3.47 8.26 10
-1.23 3.399 8.179 10
-1.459 3.199 7.77 10
-1.329 3.04 7.759 10
-1.64 3.04 7.339 10
-1.64 3.06 6.94 10
-1.74 3.139 7.04 10
-1.959 3.3 7.259 10
-2.399 3.57 7.83 10
-3.27 3.46 7.75 10
-1.88 3.11 7.48 10
-1.459 3.46 7.5 10
-0.31 3.08 7.069 9
0.42 2.639 7.029 10
-0.17 2.62 7.97 10
-0.53 3.01 8.48 10
-0.69 3.199 8.75 10
-0.69 2.73 8.679 10
-1.699 1.54 8.17 10
-3.01 0.93 8.139 10
-1.81 1.579 9.19 10
-1.35 4.23 11.15 10
-0.25 7.81 13.019 10
0.44 8.61 14.07 10
2.54 6.29 15.309 10
2.03 5.46 16.33 10
-0.849 6.899 20.8 10
-2.19 10.65 24.14 10
-0.669 11.7 27.619 10
-0.02 12.91 28.689 10
-0.32 12.309 27.05 10
-1.63 10.809 25.23 10
-1.92 11.0 22.109 10
-1.819 11.61 18.06 10
-1.64 11.19 14.98 10
-1.31 10.269 11.69 10
-0.37 9.969 8.67 10
0.37 9.36 6.339 10
0.65 9.25 4.69 10
0.849 8.91 3.74 10
1.61 8.32 2.78 10
2.24 7.319 2.1 10
1.76 6.799 1.55 10
1.04 5.6 1.99 9
1.89 3.879 2.27 10
3.84 1.9 1.8 10
3.449 2.159 0.38 10
3.139 -0.35 -0.5 10
1.9 -1.579 -1.1 10
1.819 -1.75 -0.52 10
2.19 -1.709 -0.429 10
1.67 -2.03 -0.61 10
0.06 -2.1 -1.209 10
-1.11 -1.589 -0.74 9
-1.36 -1.16 0.22 10
-1.77 -1.38 -0.11 10
-1.969 -1.56 -0.76 10
-1.719 -1.63 -0.53 10
-1.079 -2.639 -0.35 10
-0.94 -1.27 -0.83 10
-1.079 -1.06 -0.799 10
-0.88 -0.88 -0.75 10
-0.61 -1.209 -0.53 10
-0.34 -0.659 -0.55 10
-0.57 -0.35 -0.659 10
-1.01 0.0 -0.48 10
-1.069 1.15 -0.52 10
-0.859 1.25 -0.17 10
-0.08 1.65 -1.28 10
0.859 2.45 -0.969 10
2.52 3.889 -0.669 10
2.03 6.46 -0.62 10
2.12 9.13 -2.679 10
2.159 11.98 -2.18 10
1.579 16.119 -1.37 10
1.27 21.99 -0.08 10
2.05 31.08 1.62 10
4.509 35.35 1.13 10
6.42 40.059 0.78 10
8.97 40.059 4.009 10
9.9 39.14 2.55 10
9.69 36.25 1.13 10
8.74 33.53 1.5 9
7.87 30.06 1.41 10
7.27 25.31 0.63 10
6.99 21.13 -0.64 10
7.0 17.42 -1.56 10
6.72 14.19 -2.0 10
6.049 11.99 -2.659 10
5.17 10.34 -3.31 10
4.5 8.769 -3.52 10
3.909 7.17 -3.3 10
3.06 5.65 -3.139 10
2.86 4.029 -2.56 10
2.46 2.11 -2.26 10
1.38 0.41 -2.18 10
0.399 -0.919 -1.91 10
-0.299 -2.09 -1.66 10
-0.909 -2.79 -1.27 10
-1.24 -2.899 -0.849 10
-1.48 -3.05 -0.39 10
-2.11 -2.97 0.28 10
-2.28 -3.08 0.459 10
-2.24 -3.389 0.719 10
-2.129 -3.76 1.18 10
-1.849 -4.1 1.48 10
-1.61 -4.31 1.599 10
-1.13 -4.29 1.64 10
-0.399 -4.61 1.569 10
0.149 -4.94 1.459 10
0.16 -5.04 1.64 10
0.269 -4.71 1.699 9
0.399 -4.36 1.73 10
0.459 -3.48 1.53 10
0.02 -2.2 1.06 10
-0.049 -0.17 0.56 10
0.16 2.5 0.06 10
-0.179 5.529 -0.69 10
-0.06 9.69 -1.579 10
0.82 14.98 -3.0 10
2.149 20.609 -3.949 10
2.32 27.82 -4.41 10
2.02 35.809 -3.82 10
1.62 40.059 -3.22 10
2.46 40.059 -2.639 10
4.339 40.059 -0.599 10
5.38 40.059 -0.13 10
6.48 39.829 -0.32 10
6.23 35.28 0.29 10
5.609 30.359 1.079 10
5.46 26.05 1.01 10
5.41 21.93 0.57 10
5.69 18.029 0.58 10
5.49 14.92 0.459 10
5.22 12.17 0.329 10
5.0 9.269 0.16 10
4.7 6.43 -0.089 10
5.04 3.78 -0.5 10
4.96 1.339 -0.81 10
4.58 -0.65 -0.909 10
3.8 -2.389 -1.09 10
2.54 -4.0 -0.93 9
0.96 -5.14 -0.669 10
-0.58 -5.64 -0.39 10
-1.589 -5.549 0.24 10
-2.18 -5.44 0.539 10
-2.35 -5.1 0.669 10
-2.28 -4.509 0.859 10
-2.03 -3.99 0.849 10
-1.839 -3.52 0.83 10
-1.699 -3.02 0.729 10
-1.53 -2.49 0.659 10
-1.4 -1.819 0.44 10
-1.42 -1.06 0.399 10
-1.28 -0.52 0.37 10
-0.9 -0.11 0.149 10
-0.42 0.149 -0.04 10
-0.03 0.599 -0.19 10
0.21 1.03 -0.39 10
0.24 1.35 -0.51 10
0.329 1.949 -0.789 10
0.0 2.429 -0.989 10
-0.13 3.04 -1.16 10
-0.329 4.62 -1.41 10
-0.61 6.629 -1.35 10
-0.08 9.69 -1.4 10
1.17 13.96 -1.92 10
3.22 18.92 -1.99 10
4.93 25.98 -1.439 10
4.81 35.03 0.58 10
5.52 40.059 1.689 9
6.33 40.059 2.879 10
6.589 40.02 3.22 10
4.41 39.2 3.26 10
3.61 36.02 2.899 10
3.419 33.2 1.849 10
3.78 30.47 0.5 10
6.009 28.019 -1.25 10
8.7 26.25 -2.52 10
10.45 24.779 -3.09 10
10.69 22.16 -3.08 10
9.809 18.359 -3.5 10
7.98 13.99 -3.37 10
6.319 9.53 -2.909 10
3.629 5.31 -2.25 10
1.52 1.199 -1.68 10
0.08 -2.28 -1.449 10
-1.26 -4.88 -1.02 10
-2.37 -6.7 -0.429 10
-3.27 -7.41 -0.089 10
-3.83 -7.319 0.32 10
-3.57 -7.17 0.69 10
-3.159 -6.67 0.669 10
-2.74 -5.9 0.729 10
-2.19 -5.029 0.849 10
-1.53 -4.04 0.88 10
-0.88 -3.129 0.799 10
-0.399 -2.1 0.77 10
0.28 -1.14 0.659 10
1.03 -0.41 0.489 9
1.569 -0.08 0.55 10
1.839 -0.099 0.58 10
1.88 0.07 0.48 10
1.64 0.089 0.58 10
1.28 0.16 0.459 10
0.7 0.32 0.32 10
0.22 0.44 0.21 10
-0.14 0.52 0.13 10
-0.459 0.69 -0.02 10
-0.669 1.06 -0.089 10
-0.55 1.56 -0.21 10
-0.04 2.33 -0.599 10
0.179 3.76 -1.04 10
0.919 5.94 -1.14 10
1.64 8.73 -1.449 10
2.29 12.03 -2.1 10
2.95 16.67 -1.839 10
1.18 24.789 -0.01 10
0.81 37.11 3.06 10
4.0 40.05 3.31 10
7.97 40.059 2.95 10
11.88 40.059 3.77 10
12.4 40.059 3.61 10
11.519 39.57 3.31 10
8.58 33.829 3.09 10
5.72 28.43 2.44 10
4.36 23.279 1.29 10
4.64 20.05 0.69 10
5.81 17.43 -0.21 9
7.379 16.8 -1.42 10
8.559 16.16 -2.149 10
8.69 14.69 -2.8 10
8.109 11.88 -2.889 10
6.74 8.26 -3.25 10
4.42 4.06 -2.86 10
1.79 -0.04 -2.46 10
-0.52 -3.79 -1.79 10
-2.79 -5.839 -0.94 10
-4.259 -6.17 -0.06 10
-4.72 -6.129 0.75 10
-4.04 -5.65 1.5 10
-2.72 -5.069 1.77 10
-1.64 -4.62 1.79 10
-0.799 -4.15 1.56 10
-0.42 -3.56 1.38 10
-0.489 -3.07 1.329 10
-0.52 -2.27 1.079 10
-0.56 -1.62 0.94 10
-0.41 -1.04 0.849 10
0.04 -0.719 0.58 10
0.56 -0.489 0.229 10
1.02 -0.22 -0.13 10
1.41 0.0 -0.53 10
1.41 0.26 -0.82 10
0.95 0.61 -1.03 10
0.269 1.069 -1.03 10
-0.28 1.3 -1.04 10
-0.65 1.469 -0.989 9
-0.84 1.839 -0.76 10
-0.909 2.34 -0.61 10
-0.61 3.08 -0.52 10
-0.01 4.37 -0.52 10
0.53 6.41 -0.31 10
1.53 9.639 -0.25 10
2.84 14.92 -0.42 10
4.83 21.539 0.099 10
5.19 29.46 1.14 10
6.66 38.45 2.379 10
8.57 40.059 2.19 10
9.969 40.059 1.86 10
9.83 39.899 1.89 10
6.899 35.77 1.93 10
3.86 31.25 1.35 10
1.15 27.439 0.5 10
-0.14 25.09 -0.539 10
0.52 24.08 -1.709 10
2.45 24.029 -2.44 10
5.569 24.48 -2.97 10
7.97 23.529 -4.22 10
8.46 21.02 -4.819 10
7.109 17.609 -4.67 10
4.38 13.44 -4.509 10
1.699 8.22 -4.16 10
-0.459 2.87 -3.649 10
-2.3 -1.849 -3.06 10
-3.669 -5.5 -2.07 10
-4.1 -7.72 -0.909 9
-4.24 -8.7 0.24 10
-3.949 -8.53 1.329 10
-3.33 -7.73 2.03 10
-2.639 -6.54 2.649 10
-1.92 -5.109 2.87 10
-1.31 -3.699 2.84 10
0.0 -2.21 2.52 10
0.87 -0.51 2.04 10
1.48 0.729 1.599 10
1.92 1.599 1.1 10
2.159 2.29 0.729 10
2.11 2.59 0.41 10
2.04 2.389 0.199 10
1.77 1.849 -0.28 10
1.48 1.35 -0.22 10
1.13 0.95 -0.25 10
0.659 0.47 -0.329 10
0.34 0.06 -0.25 10
-0.04 -0.179 -0.229 10
-0.17 -0.34 -0.229 10
-0.31 -0.29 -0.21 10
-0.21 -0.06 -0.17 10
0.07 0.53 0.01 10
0.34 1.48 -0.12 10
0.5 3.08 -0.17 10
0.95 5.109 -0.089 10
1.63 8.22 0.07 10
2.84 12.05 -0.149 10
5.15 16.129 -0.489 9
5.009 22.41 -0.12 10
5.13 32.39 1.87 10
6.69 39.35 2.72 10
8.44 40.059 1.93 10
10.21 40.059 1.459 10
10.019 37.94 1.31 10
6.6 35.28 2.129 10
1.709 30.31 1.829 10
-3.07 27.16 2.47 10
-5.71 25.06 2.04 10
-5.27 23.92 1.42 10
-1.209 24.66 1.459 10
7.22 23.57 0.47 10
12.62 21.32 -1.459 10
14.08 18.84 -2.52 10
11.95 15.17 -2.77 10
7.98 11.25 -3.159 10
4.299 6.359 -3.36 10
1.199 1.25 -3.83 10
-1.31 -3.0 -3.79 10
-2.909 -6.12 -2.85 10
-4.15 -7.69 -1.87 10
-4.58 -7.859 -0.859 10
-4.67 -7.48 0.08 10
-4.299 -6.35 0.9 10
-3.399 -4.859 1.589 10
-2.399 -3.73 1.9 10
-1.22 -2.77 1.87 10
-0.13 -1.53 1.78 10
0.5 -0.59 1.56 9
1.14 0.32 1.27 10
1.53 1.02 1.13 10
1.599 1.459 1.069 10
1.54 1.459 0.849 10
1.48 1.16 0.53 10
1.38 0.659 0.359 10
0.989 0.16 0.16 10
0.849 -0.269 0.14 10
1.05 -0.26 0.099 10
1.199 0.0 -0.11 10
0.88 0.359 -0.24 10
0.9 0.83 -0.359 10
0.87 1.56 -0.34 10
0.59 2.3 -0.32 10
0.64 2.76 -0.24 10
0.71 3.899 -0.59 10
1.14 5.56 -0.75 10
1.55 7.66 -1.329 10
1.89 10.78 -1.589 10
2.36 14.549 -1.88 10
1.439 19.47 -1.3 10
0.729 28.51 -0.089 10
1.709 35.62 0.099 10
4.799 36.91 -0.68 10
8.73 38.25 -2.29 10
11.84 37.91 -3.3 10
12.36 36.5 -2.56 10
10.88 35.11 -4.4 10
8.55 32.85 -5.41 9
6.62 32.489 -4.62 10
6.27 31.48 -3.169 10
7.29 30.369 -1.819 10
8.78 28.33 -1.35 10
9.679 25.09 -1.9 10
8.87 21.39 -2.36 10
6.6 16.71 -2.87 10
3.29 9.26 -3.86 10
0.59 3.07 -4.1 10
-1.43 -2.12 -3.51 10
-2.679 -6.259 -2.1 10
-3.879 -8.44 -0.77 10
-4.66 -9.07 0.75 10
-4.95 -8.91 2.45 10
-4.69 -8.16 3.159 10
-3.77 -6.98 3.79 10
-2.54 -5.48 4.06 10
-1.319 -4.04 3.51 10
0.13 -2.44 2.74 10
1.48 -0.96 2.03 10
2.3 0.25 1.459 10
2.25 1.319 0.989 10
2.3 1.79 0.74 10
2.26 1.66 0.48 10
1.949 1.39 0.399 10
1.66 0.87 0.299 10
1.29 0.269 0.149 10
1.02 -0.429 -0.12 10
0.68 -1.0 -0.32 9
0.55 -1.18 -0.45 10
0.5 -1.339 -0.7 10
0.199 -1.29 -1.079 10
-0.19 -0.969 -1.329 10
-0.35 -0.21 -1.23 10
-0.94 0.71 -1.329 10
-1.28 1.67 -1.26 10
-1.0 2.649 -1.1 10
-0.44 3.439 -1.24 10
0.5 4.509 -1.43 10
1.67 6.02 -1.39 10
2.35 8.09 -1.569 10
2.28 11.36 -1.38 10
1.14 16.44 -0.89 10
-0.77 24.16 1.51 10
-0.88 34.11 3.48 10
1.65 40.059 3.78 10
5.45 40.059 4.19 10
11.28 40.059 4.85 10
12.53 40.059 5.4 10
10.929 37.64 6.04 10
7.12 34.36 5.879 10
3.87 31.39 5.42 10
2.169 28.519 4.23 10
3.32 26.08 3.22 10
5.71 23.769 1.88 10
8.26 21.609 0.03 10
8.67 20.289 -1.78 10
7.54 18.67 -2.52 9
4.859 14.49 -3.26 10
2.889 10.309 -3.58 10
1.41 5.509 -3.679 10
-0.19 0.919 -3.27 10
-1.91 -2.909 -2.21 10
-3.24 -5.5 -1.199 10
-3.48 -7.14 -0.41 10
-3.85 -7.669 0.38 10
-3.46 -7.379 1.1 10
-2.939 -6.6 1.63 10
-2.45 -5.67 1.76 10
-1.79 -4.65 1.709 10
-1.02 -3.76 1.569 10
-0.14 -2.84 1.27 10
0.38 -1.88 1.06 10
0.64 -0.93 0.96 10
0.95 -0.47 0.989 10
1.09 -0.04 0.88 10
1.29 0.14 0.81 10
1.48 0.22 0.81 10
1.35 0.539 0.64 10
1.15 0.81 0.38 10
1.06 1.0 0.089 10
0.969 1.12 -0.34 10
0.81 1.11 -0.59 10
0.919 1.06 -0.47 10
1.469 1.12 -0.76 10
1.73 1.38 -1.13 10
1.62 2.01 -1.52 9
1.52 3.449 -1.329 10
0.95 5.109 -1.36 10
0.179 7.29 -1.48 10
0.399 10.349 -1.209 10
1.18 13.07 -1.199 10
0.489 16.76 -1.42 10
0.55 23.869 -0.38 10
1.56 31.42 0.19 10
2.54 35.96 -0.26 10
5.71 36.84 -0.47 10
6.629 36.11 -0.89 10
4.73 34.88 -0.28 10
2.389 32.63 0.729 10
-0.229 30.599 1.02 10
-1.579 29.029 1.189 10
-1.459 28.43 1.48 10
1.569 28.38 1.92 10
6.529 27.81 1.939 10
11.36 25.949 1.55 10
13.88 22.84 0.599 10
12.34 19.74 0.34 10
8.849 15.99 0.14 10
5.48 11.519 -0.38 10
2.379 6.569 -1.0 10
-0.06 1.66 -1.75 10
-1.93 -2.23 -2.379 10
-2.97 -5.22 -2.72 10
-3.72 -6.91 -2.24 10
-3.899 -7.68 -1.699 9
-3.879 -7.62 -1.469 10
-3.98 -7.089 -1.079 10
-3.679 -6.02 -0.26 10
-3.06 -4.61 0.34 10
-2.54 -3.379 0.7 10
-1.52 -2.22 0.919 10
0.0 -1.12 0.9 10
1.51 -0.199 0.75 10
2.32 0.89 0.93 10
2.96 1.63 0.93 10
3.33 1.699 0.909 10
3.189 1.469 0.96 10
2.74 1.15 0.93 10
2.09 0.74 1.04 10
1.11 0.24 0.9 10
0.35 -0.04 0.75 10
-0.099 -0.44 0.64 10
-0.34 -0.51 0.41 10
-0.11 -0.299 0.35 10
0.049 0.16 0.02 10
0.0 0.51 -0.429 10
-0.16 1.38 -0.459 10
-0.52 2.46 -0.74 10
-1.069 3.659 -0.87 10
-1.319 5.629 -0.78 10
-1.439 7.23 -0.62 10
-1.689 9.65 -0.24 10
-2.83 13.799 0.83 10
-3.55 21.0 2.149 10
-2.159 30.679 3.29 9
1.569 38.67 4.4 10
7.379 40.059 5.08 10
14.23 40.059 6.1 10
15.309 40.059 7.16 10
12.78 39.219 8.559 10
7.609 35.3 8.92 10
3.899 30.949 8.019 10
1.979 27.47 7.68 10
1.92 24.26 6.19 10
2.929 21.34 4.47 10
4.5 18.59 2.57 10
5.17 17.41 1.069 10
5.65 16.16 0.13 10
6.259 15.059 -0.599 10
6.25 13.19 -1.18 10
5.87 10.08 -1.78 10
4.799 6.359 -2.19 10
3.49 2.97 -2.399 10
2.379 -0.179 -2.2 10
1.51 -3.06 -1.939 10
0.659 -5.15 -1.569 10
-0.049 -6.589 -0.909 10
-0.94 -7.089 -0.459 10
-1.89 -6.629 0.13 10
-2.55 -5.92 0.82 10
-2.96 -5.31 1.15 10
-2.8 -4.72 1.36 10
-2.01 -4.1 1.449 10
-1.18 -3.46 1.39 9
-0.26 -2.44 1.31 10
0.669 -1.67 1.03 10
1.31 -0.81 0.71 10
1.77 0.26 0.5 10
2.46 1.38 0.299 10
2.61 2.07 0.099 10
2.5 2.47 0.08 10
2.53 2.58 -0.21 10
2.25 2.45 -0.35 10
2.129 2.149 -0.489 10
2.0 1.73 -0.71 10
1.699 1.39 -0.65 10
1.43 1.29 -0.59 10
1.05 1.569 -0.459 10
0.42 1.93 -0.53 9
0.11 2.85 -0.489 10
-0.16 3.919 -0.459 10
-0.35 4.97 -0.9 10
-0.75 7.41 -1.0 10
-1.469 13.44 -0.329 10
-1.39 22.18 -0.01 10
0.89 31.949 0.44 10
5.02 38.59 -0.049 10
9.82 40.05 -0.269 10
13.139 40.059 0.989 10
13.059 40.059 2.18 10
11.28 40.059 3.55 10
8.24 38.91 4.11 10
5.37 34.329 4.049 10
3.56 28.98 3.46 10
3.0 24.93 2.71 10
2.85 21.119 1.979 10
3.169 17.779 1.319 10
3.97 14.889 0.399 10
4.29 12.429 -0.68 10
4.18 10.12 -1.03 10
3.75 7.87 -1.51 10
3.08 5.47 -1.939 10
1.939 3.409 -2.31 10
0.94 1.319 -2.45 10
0.56 -0.51 -2.379 10
0.29 -2.79 -2.0 10
-0.06 -4.779 -1.589 9
-0.19 -5.92 -1.0 10
-0.57 -6.22 -0.179 10
-1.31 -6.1 0.65 10
-1.79 -5.54 1.599 10
-2.32 -4.859 2.22 10
-2.59 -4.13 2.669 10
-2.22 -3.419 2.919 10
-1.5 -2.71 2.889 10
-0.919 -1.91 2.69 10
-0.03 -0.89 2.48 10
0.989 -0.229 2.18 10
2.12 0.24 1.62 10
2.57 0.26 1.15 10
2.35 0.429 0.88 10
1.73 0.63 0.74 10
1.23 0.75 0.52 10
0.95 0.68 0.269 10
0.83 0.84 0.179 10
0.9 1.03 -0.07 10
1.18 1.319 -0.71 10
1.5 1.77 -1.09 10
1.81 2.55 -1.56 10
1.719 3.389 -2.05 10
1.599 4.2 -2.25 10
1.16 5.81 -2.59 10
0.55 7.649 -2.8 10
0.35 9.179 -2.76 10
-0.049 12.63 -2.07 10
-0.359 18.42 -1.16 9
0.08 26.119 -0.179 10
2.57 32.969 0.599 10
6.39 37.09 1.13 10
10.92 39.54 1.699 10
13.549 40.059 2.81 10
13.38 40.059 3.72 10
11.25 38.76 4.6 10
6.799 35.73 4.42 10
4.58 33.45 3.959 10
2.53 30.22 3.35 10
1.939 27.25 2.73 10
1.91 24.019 2.06 10
2.06 20.31 1.28 10
2.98 16.5 0.65 10
4.1 13.009 -0.28 10
4.93 10.25 -1.14 10
4.69 8.25 -1.55 10
3.73 5.9 -1.61 10
2.379 3.22 -1.589 10
1.069 0.78 -1.28 10
-0.11 -1.469 -1.1 10
-1.0 -3.82 -1.02 10
-1.54 -5.279 -0.76 10
-1.61 -6.279 -0.489 10
-1.86 -6.92 -0.06 10
-2.1 -6.81 0.429 10
-2.18 -6.04 0.94 10
-2.34 -5.18 1.38 9
-2.379 -4.39 1.79 10
-2.12 -3.32 2.05 10
-1.68 -2.18 2.04 10
-1.05 -1.3 2.09 10
-0.08 -0.48 2.03 10
1.14 0.29 1.68 10
1.829 0.88 1.49 10
2.18 1.02 1.25 10
2.149 1.05 1.0 10
1.78 1.069 0.76 10
1.43 0.859 0.44 10
1.16 0.7 0.12 10
0.81 0.61 -0.24 10
0.539 0.53 -0.56 10
0.269 0.35 -0.87 10
0.26 0.429 -0.979 10
0.56 0.5 -1.24 10
0.51 0.96 -1.43 10
0.84 1.949 -1.51 10
0.979 3.01 -1.75 10
0.87 4.14 -2.05 10
0.089 5.41 -2.1 10
-1.28 8.65 -1.26 10
-2.51 13.87 -0.28 10
-2.12 19.89 0.57 10
0.539 26.3 0.81 10
4.89 32.05 0.35 10
10.139 37.079 0.21 10
14.7 40.059 0.599 9
17.65 40.059 1.53 10
17.6 40.059 2.86 10
14.42 40.059 3.54 10
10.17 38.53 4.12 10
6.68 35.46 4.08 10
4.41 31.92 3.689 10
2.7 28.51 2.7 10
1.48 25.14 2.01 10
0.34 21.74 1.319 10
-0.359 18.32 1.02 10
0.94 14.86 0.489 10
2.5 11.9 -0.539 10
3.99 9.2 -1.3 10
4.58 6.31 -1.61 10
3.85 3.33 -2.0 10
2.24 0.919 -1.959 10
0.719 -1.56 -1.599 10
-0.82 -3.81 -1.26 10
-1.88 -5.569 -0.859 10
-2.389 -6.759 -0.38 10
-2.669 -7.24 0.04 10
-2.52 -7.33 0.329 10
-2.5 -7.04 0.75 10
-2.08 -6.19 1.24 10
-1.78 -4.88 1.689 10
-1.53 -3.57 2.08 10
-1.15 -2.649 2.3 10
-0.69 -1.77 2.47 9
-0.34 -1.13 2.429 10
0.06 -0.61 2.389 10
0.63 -0.42 2.32 10
1.12 -0.61 1.969 10
1.35 -0.789 1.75 10
1.22 -0.81 1.52 10
0.83 -0.69 1.1 10
0.41 -0.78 0.659 10
0.179 -0.59 0.16 10
0.22 -0.17 -0.399 10
0.31 0.149 -0.95 10
0.61 0.48 -1.53 10
1.1 1.24 -2.12 10
1.51 2.44 -2.429 10
1.48 3.639 -2.76 10
1.3 4.91 -2.899 10
1.63 6.64 -2.73 10
1.49 8.24 -2.8 10
0.35 10.23 -2.2 10
-0.84 14.38 -0.81 10
-2.25 20.41 0.88 10
-1.959 27.13 2.169 10
2.53 34.309 3.26 10
7.549 38.02 3.179 10
11.46 40.05 3.75 10
13.429 40.059 4.17 10
13.75 40.059 4.25 10
11.5 40.05 4.45 9
8.099 36.969 4.14 10
5.029 33.25 3.87 10
3.09 29.67 3.34 10
2.12 26.64 2.6 10
1.91 23.6 1.839 10
1.86 20.359 1.17 10
1.62 16.91 0.789 10
1.599 13.45 0.64 10
1.719 10.3 0.51 10
2.379 7.31 0.29 10
2.52 4.36 -0.16 10
1.979 2.09 -0.48 10
1.069 0.12 -0.45 10
-0.19 -1.949 -0.55 10
-1.24 -3.659 -0.52 10
-2.05 -4.77 -0.53 10
-2.46 -5.299 -0.329 10
-2.61 -5.549 -0.21 10
-2.48 -5.52 0.01 10
-2.25 -4.95 0.42 10
-2.01 -3.949 0.849 10
-1.66 -3.23 1.3 10
-1.02 -2.78 1.48 10
-0.47 -2.24 1.65 10
-0.11 -1.55 1.819 10
0.22 -1.25 2.02 10
0.62 -1.079 1.949 10
1.079 -1.09 1.8 10
1.709 -1.3 1.469 9
2.01 -1.31 1.0 10
2.01 -1.05 0.51 10
1.959 -0.77 0.049 10
1.73 -0.42 -0.45 10
1.35 0.199 -0.83 10
0.909 0.799 -1.12 10
0.55 1.199 -1.56 10
0.32 1.64 -1.88 10
0.52 2.12 -2.05 10
0.48 2.669 -2.36 10
0.429 3.04 -2.6 10
0.659 3.949 -2.679 10
0.83 4.66 -2.919 10
-0.16 5.99 -2.899 10
-1.52 8.8 -2.22 10
-3.639 13.299 -1.339 10
-4.69 20.449 -0.269 10
-3.22 27.21 -0.179 10
0.06 33.36 -0.63 10
5.17 38.7 -1.18 10
10.41 40.05 -1.56 10
14.04 40.059 -1.64 10
15.509 40.059 -2.07 10
13.62 40.059 -2.29 10
10.3 39.11 -1.88 10
7.02 35.87 -0.989 10
4.339 32.39 -0.41 10
2.5 29.24 0.17 9
1.53 26.01 0.39 10
1.4 22.38 0.61 10
1.63 18.63 0.61 10
2.48 14.92 0.659 10
3.899 11.74 0.22 10
5.12 8.639 -0.39 10
5.4 5.79 -1.09 10
4.95 2.81 -1.73 10
3.689 -0.399 -2.09 10
1.689 -3.33 -2.26 10
-0.299 -5.44 -2.5 10
-2.429 -6.89 -1.99 10
-3.79 -6.97 -1.62 10
-4.259 -6.47 -0.74 10
-4.13 -6.22 -0.08 10
-3.36 -5.7 0.45 10
-2.46 -5.029 0.81 10
-1.8 -4.17 1.14 10
-1.24 -3.34 1.55 10
-0.78 -2.59 1.92 10
-0.51 -1.87 1.949 10
-0.16 -1.17 2.18 10
0.149 -0.62 2.389 10
0.29 -0.32 2.419 10
0.299 -0.179 2.35 10
0.39 -0.02 2.25 10
0.58 -0.03 2.139 10
0.799 -0.04 1.829 10
1.1 -0.089 1.23 9
1.29 -0.07 0.859 10
1.11 0.02 0.35 10
1.1 0.44 -0.179 10
1.11 0.76 -0.63 10
1.37 1.28 -1.04 10
1.5 2.11 -1.459 10
1.18 3.04 -1.819 10
1.449 4.23 -2.159 10
1.829 5.68 -2.379 10
1.88 7.549 -2.73 10
1.839 9.38 -3.03 10
1.36 12.08 -3.199 10
-0.44 16.67 -2.81 10
-3.05 23.83 -1.35 10
-3.22 32.059 0.01 10
0.06 36.14 0.299 10
4.63 37.5 0.12 10
8.92 38.45 -0.22 10
11.719 40.059 0.01 10
11.49 40.059 -0.32 10
9.13 37.6 1.329 10
5.92 34.13 1.589 10
2.58 30.64 1.31 10
0.14 27.43 1.39 10
-1.16 24.609 1.199 10
-1.54 21.85 1.15 10
-0.969 18.65 1.17 10
0.48 15.32 0.62 9
1.939 11.98 0.12 10
3.28 9.07 -0.28 10
3.97 6.649 -0.859 10
3.429 4.94 -1.28 10
2.6 3.35 -1.199 10
1.73 1.91 -1.05 10
0.37 0.919 -1.069 10
-1.0 -0.089 -0.68 10
-1.62 -1.449 -0.41 10
-1.589 -2.47 -0.399 10
-1.579 -2.919 -0.269 10
-1.52 -2.79 -0.07 10
-1.48 -2.58 0.11 10
-1.339 -2.35 0.17 10
-1.199 -1.939 0.22 10
-1.13 -1.56 0.32 10
-1.03 -1.42 0.429 10
-0.88 -1.23 0.45 10
-0.39 -0.87 0.63 10
-0.08 -0.62 0.489 10
0.13 -0.55 0.56 10
0.39 -0.47 0.64 10
0.58 -0.5 0.5 10
0.51 -0.63 0.459 10
0.37 -0.7 0.38 10
0.359 -0.71 0.149 10
0.38 -0.64 0.0 10
0.59 -0.51 -0.359 9
0.76 -0.14 -0.65 10
0.909 0.429 -0.93 10
1.03 0.94 -1.25 10
1.05 1.48 -1.439 10
1.13 2.409 -1.68 10
1.339 3.48 -1.92 10
1.4 4.99 -2.389 10
1.189 6.549 -2.639 10
-0.22 10.469 -2.159 10
-1.319 15.719 -1.209 10
-1.199 22.72 -0.45 10
1.22 29.65 -0.03 10
4.81 35.12 -0.17 10
10.139 39.36 -0.19 10
14.049 40.059 0.41 10
15.4 40.059 1.469 10
14.9 40.059 2.8 10
12.37 40.059 3.59 10
8.929 37.579 4.38 10
5.629 33.559 4.98 10
3.01 29.609 5.259 10
1.28 25.41 5.14 10
0.25 21.38 4.66 10
-0.51 17.85 4.04 10
-0.51 14.38 3.28 10
0.47 11.17 2.31 10
2.04 8.2 0.84 10
3.11 5.9 -0.539 10
3.629 3.889 -1.189 9
3.97 1.819 -1.48 10
3.389 0.04 -1.959 10
2.05 -1.56 -2.21 10
0.299 -2.85 -2.11 10
-1.1 -3.959 -1.949 10
-2.21 -4.839 -1.77 10
-3.25 -5.029 -1.36 10
-3.61 -4.799 -0.94 10
-3.84 -4.23 -0.459 10
-3.57 -3.53 0.03 10
-2.87 -2.99 0.399 10
-1.86 -2.389 0.64 10
-0.789 -1.81 0.74 10
0.61 -1.329 0.9 10
1.709 -0.969 1.13 10
2.419 -0.88 1.35 10
2.8 -0.909 1.599 10
2.85 -1.189 1.719 10
2.49 -1.49 1.65 10
1.849 -1.66 1.39 10
0.71 -1.3 0.93 10
-0.049 -0.64 0.599 10
-0.179 -0.24 0.459 10
-0.16 0.16 0.299 10
0.17 0.989 -0.35 10
0.28 2.19 -1.0 10
0.539 3.12 -1.37 10
0.59 4.21 -1.719 9
0.62 6.35 -1.91 10
1.03 8.74 -2.149 10
1.339 11.53 -2.46 10
2.28 14.98 -2.57 10
2.889 20.3 -2.95 10
2.36 26.699 -2.11 10
1.48 32.689 -0.84 10
2.0 37.16 -0.32 10
2.76 38.739 -0.63 10
3.189 39.129 -0.93 10
3.669 39.03 -0.359 10
3.59 36.71 -0.28 10
2.77 32.829 -0.489 10
1.73 29.64 -0.22 10
0.29 27.74 0.38 10
-1.329 26.539 0.77 10
-1.939 26.49 1.39 10
-1.12 26.43 1.79 10
1.4 24.91 1.829 10
4.71 22.269 1.29 10
7.19 18.76 0.799 10
8.24 14.54 0.269 10
7.27 10.139 -0.51 10
5.15 5.69 -1.39 10
2.669 1.319 -2.24 10
-0.96 -3.449 -2.79 10
-3.139 -6.509 -2.899 10
-4.529 -8.46 -2.61 10
-5.259 -9.559 -2.07 9
-5.16 -9.57 -1.29 10
-4.39 -8.95 -0.68 10
-3.47 -8.29 0.04 10
-2.879 -7.31 0.76 10
-2.6 -6.049 1.569 10
-2.29 -4.799 2.149 10
-1.79 -3.629 2.639 10
-0.88 -2.48 2.81 10
-0.089 -1.53 2.81 10
0.5 -0.78 2.78 10
1.189 -0.03 2.47 10
1.62 0.329 2.31 10
1.76 0.58 2.05 10
1.99 0.88 1.79 10
2.35 1.199 1.469 10
2.27 1.75 1.25 10
2.28 2.31 0.989 10
2.03 2.56 0.63 10
1.829 3.04 0.26 10
1.66 3.439 -0.04 10
1.28 3.87 -0.64 10
1.36 4.2 -1.16 10
1.319 4.63 -1.43 10
1.35 5.17 -1.77 10
1.27 5.799 -1.77 10
1.41 6.42 -2.1 10
1.319 6.89 -2.06 10
0.78 8.069 -2.08 9
-0.62 10.469 -1.68 10
-2.76 13.929 -1.28 10
-3.649 20.34 -0.909 10
-1.61 29.25 -0.59 10
3.33 37.05 -1.5 10
10.84 35.77 1.03 10
18.35 37.68 0.049 10
21.68 40.05 -0.01 10
19.27 40.059 2.59 10
14.66 40.059 6.879 10
6.77 40.059 6.24 10
2.12 30.779 4.4 10
2.26 25.31 4.44 10
0.76 22.279 4.23 10
-0.329 19.05 3.689 10
-0.02 16.16 3.389 10
0.65 12.92 2.389 10
0.919 9.75 0.84 10
1.22 6.029 -0.37 10
1.23 3.46 -0.96 10
1.26 0.63 -1.689 10
1.25 -2.06 -2.01 10
0.31 -4.23 -2.1 10
-1.069 -5.5 -2.01 10
-2.149 -6.14 -1.459 10
-2.33 -6.609 -0.799 10
-2.379 -6.56 -0.28 10
-2.31 -6.02 0.25 9
-2.04 -5.33 0.729 10
-1.75 -4.4 1.069 10
-1.12 -3.47 1.28 10
-0.31 -2.56 1.55 10
0.53 -1.73 1.569 10
1.589 -0.979 1.3 10
2.29 -0.35 1.06 10
2.87 -0.01 0.71 10
3.23 -0.26 0.39 10
3.12 -0.74 0.26 10
2.56 -1.39 0.56 10
0.789 -1.48 0.35 10
-0.59 -1.29 0.03 10
-1.48 -0.84 -0.61 10
-1.719 -0.37 -1.24 10
-1.37 0.179 -1.4 10
-0.25 1.15 -1.48 10
0.299 1.76 -1.63 10
0.03 2.56 -1.36 10
-0.08 4.049 -1.22 10
0.28 6.109 -1.25 10
1.04 8.889 -1.589 10
1.53 12.37 -1.25 10
1.65 17.42 -0.56 10
0.37 23.14 0.06 10
0.9 29.76 1.29 10
3.23 36.29 2.02 10
6.899 40.059 1.819 10
11.44 40.059 2.69 9
14.019 40.059 3.36 10
16.08 40.059 3.51 10
15.179 39.75 3.51 10
11.929 35.48 2.879 10
8.12 30.679 2.129 10
4.71 26.92 1.68 10
2.29 23.92 1.839 10
0.84 21.01 1.76 10
0.049 18.08 1.339 10
-0.37 15.23 1.05 10
-0.32 12.25 0.81 11
1.02 8.69 0.489 10
2.18 6.45 0.03 10
2.72 4.65 -0.19 10
2.57 2.85 -0.63 10
1.79 0.799 -1.18 10
0.459 -1.05 -1.38 10
-0.95 -2.57 -1.28 10
-2.06 -3.5 -1.06 10
-2.58 -4.049 -0.81 10
-2.72 -4.61 -0.5 10
-2.8 -5.029 -0.24 10
-2.61 -4.91 0.099 10
-2.35 -4.71 0.58 10
-2.129 -4.47 0.89 10
-1.91 -4.069 1.22 10
-1.689 -3.53 1.51 10
-1.26 -3.12 1.65 10
-0.669 -2.78 1.76 10
-0.099 -2.419 1.77 10
0.68 -2.169 1.709 10
1.13 -2.01 1.55 10
1.599 -1.979 1.42 10
1.91 -1.93 1.11 10
1.459 -1.67 0.56 10
1.52 -1.02 0.21 10
1.87 -0.089 -0.14 10
1.87 0.7 -0.799 10
2.57 1.599 -1.09 10
3.25 2.659 -1.37 9
3.5 3.59 -1.569 10
3.73 4.45 -2.139 10
3.51 5.859 -2.909 10
3.03 7.71 -2.58 10
2.75 9.5 -2.169 10
1.329 11.73 -1.939 10
0.669 15.96 -0.94 10
0.729 21.51 0.38 10
2.659 27.96 1.699 10
7.81 34.17 2.919 10
15.469 38.52 4.5 10
21.529 40.05 6.37 10
25.599 40.059 8.109 10
26.519 40.059 9.57 10
23.39 39.879 9.269 10
17.97 35.14 8.86 10
12.33 30.65 8.04 10
6.72 25.63 6.97 10
3.82 22.23 5.75 10
1.689 19.26 4.089 10
0.13 16.33 2.659 10
-0.82 13.19 1.39 10
-1.12 9.57 0.34 10
-1.17 5.98 -0.7 10
-0.78 3.06 -1.339 10
0.179 0.7 -1.74 10
1.27 -1.64 -2.22 10
1.4 -3.889 -2.129 10
0.979 -5.54 -1.75 10
-0.31 -6.75 -1.39 10
-1.89 -7.589 -0.88 9
-3.21 -8.13 -0.099 10
-4.43 -8.2 0.269 10
-5.06 -7.359 0.69 10
-4.819 -6.25 1.3 10
-4.24 -5.54 1.849 10
-3.47 -4.64 2.149 10
-2.399 -3.73 2.48 10
-1.22 -2.95 2.639 10
-0.11 -2.159 2.629 10
1.069 -1.5 2.75 10
1.52 -1.209 2.659 10
1.819 -0.95 2.48 10
1.699 -0.789 2.159 10
1.23 -0.61 1.8 10
0.909 -0.14 1.449 10
1.27 0.299 0.9 10
1.459 0.93 0.21 10
2.139 1.829 -0.48 10
2.669 3.04 -1.01 10
3.179 4.65 -1.25 10
3.649 5.93 -1.9 10
4.14 6.45 -2.85 10
3.879 7.45 -3.46 10
2.669 8.96 -4.089 10
1.04 11.4 -4.339 10
0.06 15.559 -3.909 10
1.04 21.689 -2.95 10
4.74 27.22 -2.169 10
10.4 31.89 -1.51 10
16.789 35.67 -0.52 9
21.55 38.05 1.61 10
22.51 39.879 2.649 10
20.529 39.54 3.37 10
16.619 36.79 3.5 10
11.71 33.29 4.06 10
8.69 30.279 4.38 10
6.41 27.41 4.72 10
4.569 24.5 4.279 10
2.81 21.66 3.56 10
1.329 18.52 2.55 10
0.28 15.24 1.699 10
0.399 11.99 0.81 10
1.02 9.19 -0.37 10
1.55 7.06 -1.14 10
1.93 5.47 -1.68 10
2.01 3.61 -2.18 10
1.65 1.78 -2.28 10
1.189 0.32 -1.969 10
0.7 -0.9 -1.569 10
0.28 -2.47 -1.27 10
0.0 -4.02 -0.849 10
-0.03 -4.91 -0.58 10
-0.32 -5.02 -0.269 10
-0.74 -4.39 0.0 10
-1.14 -3.439 0.26 10
-1.599 -2.409 0.48 10
-1.819 -1.589 0.71 10
-1.53 -1.12 0.969 10
-1.01 -0.729 1.189 10
-0.25 -0.11 1.469 10
0.47 0.16 1.65 9
0.849 0.26 1.849 10
1.069 0.31 1.92 10
1.12 0.14 1.77 10
1.03 -0.359 1.689 10
0.719 -0.94 1.329 10
0.359 -1.16 0.789 10
-0.01 -1.12 0.14 10
-0.11 -1.04 -0.38 10
-0.28 -0.78 -0.859 10
0.03 -0.45 -1.339 10
0.35 -0.13 -1.73 10
0.71 0.34 -2.07 10
0.599 1.35 -2.59 10
0.42 2.62 -3.09 10
0.37 4.21 -3.33 10
0.47 5.66 -3.46 10
0.11 7.73 -3.379 10
-0.03 11.08 -3.3 10
-0.04 16.129 -2.53 10
0.58 23.07 -0.89 10
2.82 30.199 0.25 10
6.45 36.7 1.439 10
12.24 40.059 2.6 10
16.76 40.059 4.52 10
19.189 40.059 6.069 10
17.22 40.059 6.35 10
14.99 38.46 6.58 10
9.95 33.45 6.43 10
6.95 29.38 6.089 10
5.06 24.89 5.299 10
3.939 21.029 4.48 9
3.25 17.75 3.879 10
3.11 14.34 3.02 10
3.98 10.83 2.36 10
5.18 8.099 1.469 10
5.97 6.18 0.329 10
5.549 5.21 -1.01 10
4.77 4.19 -1.209 10
4.31 2.73 -1.569 10
3.05 0.9 -1.699 10
1.4 -0.81 -1.91 10
0.0 -2.139 -2.399 10
-0.989 -3.01 -2.409 10
-1.87 -3.36 -2.399 10
-2.399 -3.199 -2.3 10
-2.47 -2.82 -2.07 10
-2.06 -2.04 -1.819 10
-1.469 -1.579 -1.689 10
-0.62 -1.449 -1.26 10
0.16 -1.26 -0.88 10
0.59 -1.079 -0.38 10
1.03 -1.22 -0.14 10
1.38 -1.28 0.07 10
1.14 -1.5 0.399 10
0.87 -1.62 0.51 10
0.299 -1.719 0.52 10
-0.65 -1.52 0.53 10
-1.27 -1.43 0.489 10
-1.8 -1.27 0.25 10
-2.27 -0.669 0.07 10
-2.51 0.07 -0.22 9
-2.54 0.719 -0.399 10
-1.939 1.24 -0.74 10
-1.51 1.569 -1.26 10
-2.02 2.28 -1.22 10
-2.29 3.409 -1.589 10
-2.29 4.94 -1.48 10
-1.75 6.48 -1.23 10
-1.62 8.08 -1.439 10
-1.78 10.3 -1.43 10
-2.409 14.179 -0.789 10
-2.929 19.539 0.19 10
-1.62 26.16 1.579 10
1.969 32.59 2.86 10
7.819 36.87 3.6 10
14.219 40.059 4.89 10
19.119 40.059 6.24 10
19.699 39.969 7.1 10
15.41 37.73 6.7 10
10.26 34.489 6.779 10
5.39 31.429 5.93 10
3.1 28.09 5.13 10
2.899 24.25 4.49 10
3.6 21.789 3.949 10
4.319 19.47 3.37 10
4.97 16.99 2.82 10
5.65 14.49 2.159 10
6.069 12.09 1.569 10
5.92 9.519 0.89 10
5.08 7.009 0.38 10
4.15 4.97 -0.22 10
3.31 3.09 -0.789 9
2.639 1.25 -1.5 10
2.1 -0.44 -2.07 10
1.53 -2.03 -2.57 10
0.81 -3.649 -2.649 10
0.22 -4.779 -2.649 10
-0.32 -5.259 -2.61 10
-0.789 -5.0 -2.47 10
-1.17 -4.47 -2.09 10
-1.4 -3.909 -1.689 10
-1.61 -3.07 -1.41 10
-1.62 -2.2 -0.69 10
-1.4 -1.67 -0.14 10
-1.079 -1.25 0.26 10
-0.539 -0.83 0.62 10
0.08 -0.76 0.859 10
0.61 -0.849 0.799 10
1.02 -1.079 0.39 10
1.13 -1.339 0.07 10
1.04 -1.52 -0.19 10
0.93 -1.54 -0.59 10
0.53 -1.49 -0.93 10
-0.03 -1.27 -1.27 10
-0.729 -0.89 -1.48 10
-1.53 -0.37 -1.689 10
-2.09 0.13 -2.04 10
-1.87 0.41 -2.09 10
-1.66 1.069 -1.88 10
-1.27 2.21 -1.5 10
-0.84 3.149 -1.449 10
-0.11 4.19 -1.329 9
0.08 6.1 -0.87 10
-0.21 8.58 0.179 10
-1.39 12.7 0.459 10
-2.159 19.07 2.3 10
0.14 26.68 4.509 10
5.42 32.669 5.79 10
12.12 37.629 6.47 10
19.14 40.04 7.17 10
25.26 40.059 7.98 10
27.65 40.059 8.269 10
25.039 40.059 7.41 10
17.75 37.54 6.759 10
11.45 33.899 5.39 10
6.97 30.84 4.67 10
4.35 27.65 4.319 10
3.73 24.25 3.669 10
3.98 20.49 3.1 10
3.939 16.67 2.78 10
3.5 12.91 2.47 10
2.79 9.4 2.2 10
2.11 6.109 1.77 10
1.81 3.0 1.329 10
1.92 0.429 1.079 10
2.11 -1.73 0.64 10
2.24 -3.939 0.02 10
2.29 -6.19 -0.17 10
1.64 -8.099 0.01 10
0.62 -8.96 0.04 10
-0.56 -9.01 -0.02 10
-1.67 -8.5 -0.28 10
-2.21 -7.569 -0.21 9
-2.58 -6.52 0.04 10
-2.669 -5.5 0.06 10
-2.379 -4.39 -0.12 10
-1.8 -3.169 -0.03 10
-1.27 -1.79 -0.14 10
-0.59 -0.62 -0.089 10
0.06 0.269 -0.06 10
0.64 0.789 0.0 10
1.01 0.659 -0.01 10
0.979 0.599 -0.44 10
0.789 0.799 -0.849 10
0.489 0.88 -1.11 10
0.55 0.719 -1.589 10
0.64 0.77 -1.9 10
0.65 1.1 -2.24 10
0.53 1.65 -2.659 10
0.58 2.379 -2.96 10
0.83 3.51 -2.98 10
1.26 4.67 -2.899 10
1.93 5.9 -2.83 10
3.02 7.44 -2.72 10
3.46 9.67 -2.19 10
3.31 12.82 -1.89 10
3.139 17.91 -0.9 10
3.76 25.74 0.48 10
6.52 32.469 0.989 10
10.62 36.21 1.51 10
15.889 37.66 1.939 10
17.279 40.04 1.76 10
17.05 40.059 1.81 10
15.88 39.67 1.92 9
13.12 37.36 1.92 10
10.62 33.79 2.34 10
8.029 30.05 2.75 10
5.6 26.359 2.83 10
3.699 22.769 2.909 10
2.82 19.449 2.85 10
2.8 16.24 2.389 10
2.99 12.809 1.92 10
4.029 9.179 1.51 10
4.29 6.339 1.209 10
4.279 4.54 0.659 10
3.01 3.28 0.55 10
1.8 1.68 0.68 10
0.94 -0.37 1.03 10
-0.17 -2.54 1.469 10
-1.449 -4.22 1.53 10
-2.419 -5.42 1.599 10
-2.95 -6.17 1.56 10
-3.399 -6.29 1.439 10
-3.57 -6.049 1.35 10
-3.61 -5.46 1.36 10
-3.34 -4.69 1.4 10
-2.939 -3.85 1.1 10
-2.55 -3.179 0.989 10
-2.07 -2.53 0.87 10
-1.39 -2.0 0.69 10
-0.93 -1.53 0.63 10
-0.489 -1.15 0.58 10
0.01 -0.84 0.5 10
0.399 -0.719 0.31 9
0.62 -0.57 0.13 10
0.909 -0.44 0.089 10
1.31 -0.459 -0.14 10
1.959 -0.57 -0.539 10
2.54 -0.51 -0.84 10
2.96 -0.22 -1.18 10
3.36 0.41 -1.579 10
3.8 1.14 -1.56 10
4.029 2.23 -1.849 10
4.58 3.189 -2.129 10
5.21 3.98 -2.31 10
5.39 4.779 -2.77 10
4.799 6.77 -3.189 10
3.56 10.24 -2.899 10
1.42 14.769 -1.78 10
0.68 20.25 -1.18 10
3.899 26.66 0.969 10
9.019 31.17 2.139 10
15.54 35.85 3.689 10
20.72 40.059 5.06 10
24.74 40.059 6.089 10
26.4 40.059 6.399 10
23.789 40.059 6.859 10
18.859 39.39 6.42 10
14.24 35.27 6.089 10
10.389 31.0 5.549 10
7.94 26.41 4.66 10
6.25 22.539 4.319 10
4.83 18.88 4.0 10
3.6 15.04 3.32 10
2.409 11.179 2.56 9
1.41 7.509 1.77 10
0.69 3.78 1.1 10
0.14 0.329 0.39 10
-0.199 -2.37 0.11 10
-0.32 -4.24 0.0 10
-0.11 -5.41 -0.12 10
-0.11 -6.69 0.07 10
-0.56 -7.5 0.59 10
-1.67 -7.64 0.75 10
-2.75 -7.399 1.11 10
-3.659 -7.22 1.24 10
-4.589 -6.83 1.26 10
-4.97 -5.85 1.3 10
-4.93 -4.759 1.35 10
-4.66 -3.699 1.29 10
-3.86 -2.55 1.41 10
-2.889 -1.36 1.449 10
-1.52 -0.35 1.27 10
-0.41 0.179 1.04 10
0.57 0.37 0.87 10
1.1 0.65 0.599 10
1.18 0.849 0.269 10
1.3 0.789 -0.06 10
1.4 0.64 -0.359 10
1.56 0.51 -0.599 10
1.959 0.75 -1.03 10
2.409 1.35 -1.339 10
2.62 1.939 -1.49 10
2.97 2.55 -1.64 10
3.49 3.189 -1.76 9
4.08 3.98 -1.66 10
4.74 4.63 -1.39 10
4.98 5.54 -1.62 10
5.18 6.94 -1.28 10
5.0 8.559 -0.95 10
3.49 12.44 -0.329 10
3.699 18.369 1.15 10
5.89 23.869 1.88 10
9.82 27.369 2.25 10
15.63 30.699 3.26 10
19.98 35.18 4.17 10
22.55 40.059 4.96 10
24.63 40.059 5.089 10
24.699 40.059 4.48 10
22.369 39.89 3.97 10
18.92 36.17 3.8 10
14.57 32.09 3.49 10
10.84 27.84 3.159 10
7.74 23.769 3.07 10
5.35 20.029 2.909 10
3.56 16.5 2.669 10
2.52 12.679 2.149 10
1.39 8.7 1.589 10
0.51 5.009 1.06 10
-0.12 1.839 0.38 10
-0.78 -0.48 -0.28 10
-1.49 -2.159 -0.5 10
-1.9 -3.34 -0.68 10
-1.42 -4.47 -0.52 10
-2.149 -5.69 0.06 10
-2.84 -6.17 0.38 9
-3.3 -6.46 0.55 10
-3.389 -6.6 0.82 10
-3.399 -6.52 1.02 10
-3.169 -6.089 1.23 10
-2.899 -5.29 1.319 10
-2.379 -4.36 1.48 10
-1.99 -3.429 1.43 10
-1.43 -2.45 1.35 10
-1.03 -1.589 1.18 10
-0.729 -0.96 0.919 10
-0.32 -0.539 0.59 10
-0.04 -0.269 0.179 10
0.0 -0.06 -0.04 10
0.13 -0.06 0.01 10
0.38 -0.02 -0.089 10
0.77 -0.049 -0.29 10
1.26 0.199 -0.37 10
1.819 0.489 -0.48 10
2.25 0.729 -0.57 10
2.659 1.36 -0.539 10
3.54 2.62 0.049 10
4.68 4.37 0.55 10
5.95 6.029 1.25 10
7.62 8.04 1.24 10
8.21 9.139 0.81 10
8.45 10.019 0.17 10
7.1 10.99 0.41 10
4.54 13.86 1.17 10
2.62 18.71 1.81 10
1.88 23.75 1.459 10
5.31 27.609 1.51 9
10.66 30.67 1.65 10
15.75 35.5 2.33 10
20.99 38.17 3.09 10
24.06 38.0 2.85 10
23.1 37.13 2.939 10
18.72 35.26 2.129 10
13.92 32.04 2.22 10
9.679 28.59 2.31 10
6.83 25.769 2.3 10
5.23 23.32 2.35 10
4.29 20.869 2.08 10
3.6 18.109 1.959 10
3.149 14.83 1.86 10
2.71 11.57 1.569 10
2.99 8.61 1.39 10
3.75 4.91 1.189 10
3.959 3.179 1.01 10
3.689 0.82 0.789 10
3.1 -0.75 0.77 10
2.53 -2.73 0.909 10
1.569 -4.96 1.189 10
0.049 -6.62 1.18 10
-1.38 -7.74 1.15 10
-2.55 -8.22 1.0 10
-3.689 -8.2 0.93 10
-4.41 -7.69 0.75 10
-4.68 -6.77 0.74 10
-4.46 -5.58 0.799 10
-3.959 -4.54 0.77 10
-3.169 -3.5 0.69 9
-1.99 -2.21 0.57 10
-1.15 -1.09 0.669 10
-0.47 -0.19 0.459 10
0.269 0.489 0.34 10
0.77 0.9 0.14 10
1.06 1.16 -0.13 10
1.14 1.339 -0.47 10
1.28 1.569 -0.69 10
1.51 1.86 -0.849 10
1.939 2.45 -1.0 10
2.1 3.52 -1.03 10
2.04 5.16 -0.849 10
2.51 6.72 -0.64 10
3.709 8.17 -0.47 9
5.2 9.53 -0.04 10
6.66 11.05 0.13 10
7.81 13.08 0.37 10
8.029 16.46 0.75 9
6.71 21.21 1.28 10
5.79 26.59 2.55 10
6.359 28.65 3.01 10
8.069 29.16 2.53 10
9.79 30.51 2.84 10
10.7 32.07 2.79 10
12.099 32.259 2.06 10
13.519 30.88 2.12 10
13.34 29.929 2.45 10
12.309 28.099 2.679 10
10.94 26.01 2.85 10
9.0 24.6 3.29 10
7.08 23.06 3.419 10
5.56 21.25 3.36 10
4.44 19.34 2.97 10
3.8 16.279 2.159 10
3.709 13.2 1.54 10
3.399 10.19 0.77 10
2.95 7.17 0.11 10
2.169 4.62 -0.28 10
1.31 2.639 -0.71 10
0.62 0.74 -0.799 10
0.34 -0.789 -0.51 10
-0.149 -2.23 -0.22 10
-0.62 -3.55 -0.01 10
-1.01 -4.69 0.11 10
-1.29 -5.64 0.47 10
-1.88 -6.04 0.539 10
-2.49 -5.779 0.68 9
-2.96 -5.31 0.81 10
-3.3 -4.62 0.77 10
-3.189 -3.879 0.75 10
-2.83 -3.23 0.719 10
-2.44 -2.57 0.799 10
-1.75 -1.959 0.859 10
-1.12 -1.62 0.95 10
-0.44 -1.37 1.0 10
0.16 -1.13 0.94 10
0.78 -1.03 1.06 10
1.36 -0.81 1.16 10
1.38 -0.39 0.5 10
1.329 0.099 0.01 10
1.27 0.88 -0.329 10
1.18 1.66 -0.849 10
1.439 2.49 -1.11 10
2.09 3.76 -1.339 10
2.36 5.17 -1.56 10
3.07 6.759 -2.06 10
3.83 8.639 -2.58 10
4.89 10.44 -2.54 10
4.96 13.04 -2.129 10
3.959 17.46 -1.27 10
3.1 24.269 -0.01 10
4.17 29.789 1.31 10
7.08 32.94 1.699 10
11.469 34.23 1.959 10
14.509 36.3 1.979 9
16.49 38.03 2.3 10
18.32 37.469 2.139 10
18.44 35.03 1.86 10
16.16 31.929 1.43 10
13.429 28.519 1.36 10
10.41 25.609 1.54 10
6.71 22.75 2.02 10
4.39 20.779 2.23 10
2.629 18.63 2.18 10
1.54 16.369 1.88 10
1.03 13.809 1.459 10
1.13 10.79 1.11 10
1.65 7.85 0.59 10
2.53 5.17 0.199 10
2.86 3.05 -0.11 10
2.669 1.28 -0.26 10
2.6 -0.53 -0.12 10
1.92 -2.54 0.21 10
0.76 -4.19 0.51 10
-0.96 -5.27 0.69 10
-2.19 -5.7 0.669 10
-3.159 -5.94 0.38 10
-3.82 -5.87 0.38 10
-3.99 -5.75 0.48 10
-3.909 -5.38 0.489 10
-3.77 -4.87 0.45 10
-3.47 -4.2 0.24 10
-2.939 -3.55 0.12 9
-2.409 -3.06 -0.03 10
-1.86 -2.74 -0.17 10
-1.24 -2.32 -0.229 10
-0.729 -1.91 -0.24 10
-0.35 -1.62 -0.14 10
-0.25 -1.189 0.02 10
-0.11 -0.859 0.149 10
0.149 -0.75 0.089 10
0.62 -0.489 -0.07 10
1.13 0.01 -0.429 10
1.55 0.719 -0.94 10
2.35 1.449 -1.3 10
3.169 2.2 -1.4 10
4.15 3.699 -1.569 10
4.61 5.279 -1.829 10
4.74 7.1 -1.959 10
4.64 9.679 -1.8 10
3.889 12.83 -1.24 10
2.169 17.46 -0.39 10
2.46 24.119 1.67 10
4.75 31.429 3.419 10
10.0 35.82 4.91 10
17.539 39.12 5.91 10
21.72 40.05 6.1 10
23.84 40.059 7.04 10
22.72 40.059 6.23 10
18.35 39.93 5.94 10
13.519 35.36 5.319 9
9.269 30.66 4.98 10
5.66 27.019 4.79 10
3.47 23.359 4.49 10
2.21 20.31 4.37 10
1.439 17.67 3.879 10
1.199 14.4 3.09 10
1.51 11.03 2.03 10
2.35 7.68 1.09 10
2.75 4.63 0.21 10
2.379 2.04 -0.25 10
1.54 -0.02 -0.32 10
0.789 -2.22 -0.32 10
-0.149 -4.36 -0.049 10
-1.339 -5.99 0.199 10
-2.2 -6.819 0.39 10
-2.659 -7.379 0.52 10
-2.96 -7.56 0.61 10
-3.189 -7.419 0.789 10
-3.08 -6.81 1.09 10
-2.76 -5.77 1.37 10
-2.24 -4.64 1.48 10
-1.75 -3.52 1.63 10
-1.14 -2.24 1.68 10
-0.56 -1.74 1.689 10
0.049 -1.4 1.81 10
0.45 -1.11 1.8 10
0.799 -0.969 1.75 10
0.88 -1.06 1.67 9
0.7 -1.459 1.449 10
0.41 -1.599 1.069 10
0.12 -1.65 0.78 10
-0.049 -1.689 0.429 10
-0.149 -1.839 0.08 10
-0.229 -1.62 -0.35 10
0.06 -1.29 -0.799 10
0.17 -0.83 -1.26 10
0.24 0.849 -1.64 10
0.56 3.0 -1.959 10
0.669 5.16 -1.979 10
1.1 7.149 -2.18 10
1.38 10.4 -1.979 10
1.329 14.99 -1.439 10
0.83 21.369 -0.74 10
1.959 29.07 0.93 10
5.95 36.329 1.61 10
12.08 38.84 0.979 10
16.47 40.059 0.08 10
18.98 40.059 0.35 10
19.05 40.059 0.81 10
15.519 37.62 0.39 10
11.23 33.71 0.57 10
6.58 30.849 1.18 10
3.399 28.15 1.76 10
1.79 25.65 2.51 10
1.52 23.22 3.139 10
2.02 20.96 3.62 10
2.48 18.369 3.629 9
3.149 15.219 3.379 10
3.82 12.04 2.85 10
4.009 9.19 2.29 10
3.28 6.62 1.579 10
2.22 4.08 0.96 10
1.14 1.49 0.71 10
0.11 -1.02 0.359 10
-0.71 -2.86 -0.08 10
-1.469 -4.16 -0.329 10
-2.169 -5.089 -0.44 10
-2.56 -5.75 -0.19 10
-2.57 -6.14 -0.01 10
-2.48 -6.46 0.07 10
-2.429 -6.37 0.179 10
-2.46 -6.02 0.38 10
-2.47 -5.41 0.45 10
-2.51 -4.99 0.51 10
-2.35 -4.56 0.52 10
-2.0 -4.029 0.399 10
-1.599 -3.429 0.47 10
-1.209 -2.909 0.41 10
-0.7 -2.52 0.47 10
0.03 -2.389 0.29 10
0.729 -2.169 0.17 10
1.14 -1.91 0.269 10
1.589 -1.5 0.35 10
1.89 -1.189 0.24 10
2.07 -0.979 0.229 9
2.35 -0.83 0.38 10
2.61 -0.03 0.299 10
2.649 1.4 0.399 10
2.95 3.25 0.179 10
4.18 5.319 0.329 10
5.879 7.509 0.37 10
6.43 11.01 -0.049 10
7.069 16.23 0.84 10
6.759 23.859 2.58 10
8.109 32.259 4.96 10
12.019 37.66 7.339 10
17.619 40.059 8.069 10
22.539 40.059 9.26 10
22.68 40.059 10.15 10
22.109 40.059 10.23 10
20.16 38.34 9.25 10
16.88 35.23 7.97 10
13.99 30.179 6.799 10
10.96 26.46 5.71 10
8.57 22.89 4.71 10
6.859 19.189 3.659 10
5.339 15.98 2.899 10
3.78 13.059 2.22 10
2.37 10.33 1.76 10
1.29 7.629 1.39 10
0.77 5.13 1.02 10
0.9 2.87 0.68 10
1.069 0.96 0.52 9
1.25 -0.489 0.26 10
1.1 -2.79 0.0 10
0.71 -4.69 0.459 10
-0.969 -5.779 0.849 10
-2.57 -6.35 0.719 10
-3.72 -6.819 0.489 10
-4.33 -7.12 0.61 10
-4.64 -7.069 0.93 10
-4.81 -6.529 0.989 10
-4.65 -5.67 0.919 10
-4.02 -4.819 0.909 10
-3.07 -4.29 0.789 10
-2.149 -3.669 0.599 10
-1.26 -2.98 0.04 10
-0.429 -2.35 -0.13 10
0.269 -1.81 -0.11 10
0.65 -1.52 -0.229 10
1.04 -1.14 -0.329 10
1.24 -0.849 -0.329 10
1.189 -0.68 -0.299 10
1.199 -0.59 -0.52 10
1.439 -0.31 -1.02 10
2.5 0.45 -1.56 10
3.199 1.579 -1.93 10
4.39 2.86 -2.21 10
5.58 4.13 -2.149 10
6.6 5.91 -2.399 10
7.5 8.55 -2.32 9
10.03 11.71 -1.17 10
12.29 15.25 0.47 10
12.69 19.279 1.069 10
12.259 24.789 2.679 10
12.9 29.789 5.17 10
14.9 31.49 5.91 10
18.529 30.99 5.92 10
19.279 31.9 6.129 10
18.89 34.05 5.77 10
20.05 33.86 5.64 10
20.1 32.189 5.009 10
19.06 30.34 5.069 10
17.77 28.269 5.279 10
16.17 26.039 5.609 10
14.139 23.68 5.77 10
12.259 21.38 5.609 10
10.67 18.84 5.42 10
9.269 15.88 5.22 10
7.37 12.33 4.4 10
6.009 9.44 3.47 10
4.859 6.399 2.54 10
3.669 3.55 1.709 10
2.72 1.12 0.919 10
1.63 -1.12 0.29 10
0.84 -2.99 -0.29 10
-0.299 -4.5 -0.9 10
-1.329 -5.339 -1.01 10
-2.139 -5.43 -0.669 9
-2.77 -5.04 -0.24 10
-3.36 -4.6 0.07 10
-3.61 -4.62 0.299 10
-3.62 -4.779 0.5 10
-3.29 -4.79 0.47 10
-2.929 -4.97 0.44 10
-2.76 -4.89 0.38 10
-2.659 -4.72 0.199 10
-2.61 -4.54 0.21 10
-2.389 -4.299 0.07 10
-2.07 -4.029 -0.19 10
-2.04 -3.52 -0.269 10
-1.969 -2.99 -0.26 10
-1.939 -2.83 -0.269 10
-1.99 -2.32 -0.32 10
-1.35 -1.89 -0.269 10
-1.0 -1.459 -0.31 10
-0.979 -1.16 -0.599 10
-0.659 -0.799 -1.25 10
0.38 0.35 -1.63 10
1.43 1.81 -2.139 10
2.169 2.909 -2.99 10
2.76 4.069 -2.98 10
2.419 6.29 -2.48 10
2.8 8.7 -2.11 10
3.699 10.29 -2.04 10
4.18 12.75 -1.42 10
3.419 17.39 -0.07 10
2.629 24.99 1.06 9
4.52 33.7 3.0 10
9.0 40.059 4.36 10
15.679 40.059 5.04 10
21.14 40.059 5.29 10
23.859 40.059 4.94 10
24.68 40.059 4.089 10
19.48 40.059 1.88 10
15.349 34.75 1.88 10
10.849 29.4 0.77 10
6.569 25.3 -0.22 10
3.72 21.189 -0.38 10
1.689 17.73 -0.62 10
0.55 15.08 -0.71 10
0.28 12.509 -0.7 10
0.39 9.71 -0.71 10
1.05 6.74 -0.51 10
2.27 3.72 -0.21 10
2.71 1.56 -0.39 10
2.77 0.17 -0.64 10
2.24 -1.13 -1.38 10
1.589 -3.34 -1.0 10
0.659 -5.73 -0.04 10
-0.03 -7.009 1.53 10
-0.84 -7.569 2.5 10
-2.19 -8.26 2.34 10
-3.879 -8.69 1.589 10
-4.839 -8.2 1.05 10
-4.98 -6.97 1.11 9
-4.69 -5.96 1.27 10
-4.069 -5.549 1.66 10
-3.25 -5.089 2.01 10
-2.06 -4.509 2.11 10
-0.74 -3.83 1.88 10
0.24 -3.23 1.48 10
0.89 -2.75 1.25 10
1.36 -2.27 1.05 10
2.169 -2.08 0.75 10
2.48 -1.839 0.489 10
2.09 -1.53 0.049 10
1.199 -1.24 -0.19 10
0.61 -0.659 -0.64 10
1.41 0.179 -1.189 10
2.02 1.0 -1.9 10
2.5 1.91 -2.48 10
3.01 3.33 -2.419 10
3.389 5.75 -2.02 10
4.35 8.74 -1.819 10
5.58 12.28 -2.169 10
5.83 16.32 -2.46 10
6.609 21.55 -1.4 10
8.79 32.719 -0.17 10
11.639 40.059 -0.53 10
17.07 40.059 0.12 10
22.17 40.059 0.599 10
21.539 40.059 -0.07 10
19.75 40.059 -0.06 9
17.039 40.059 -0.04 10
13.62 37.34 -0.26 10
10.469 32.82 -0.11 10
7.41 29.22 -0.02 10
4.94 25.939 0.39 10
3.25 22.58 0.659 10
2.29 19.13 0.58 10
1.67 15.33 0.329 10
1.449 11.36 0.35 10
1.48 7.58 0.16 10
1.75 4.13 -0.14 10
1.9 1.319 -0.48 10
1.75 -1.079 -0.71 10
1.66 -3.179 -0.989 10
1.52 -5.37 -1.04 10
0.459 -7.009 -0.41 10
-1.9 -7.129 0.0 10
-3.46 -6.87 0.149 10
-4.14 -6.94 0.37 10
-4.48 -6.91 0.659 10
-4.43 -6.39 1.02 10
-4.12 -5.73 1.15 10
-3.46 -5.109 1.339 10
-2.71 -4.5 1.39 10
-2.02 -3.87 1.26 10
-1.22 -3.46 1.28 10
-0.45 -2.98 1.24 10
0.28 -2.409 1.35 9
0.78 -2.07 1.37 10
1.15 -1.979 1.28 10
1.29 -2.04 1.199 10
1.27 -2.09 1.04 10
0.96 -1.88 0.69 10
0.89 -1.61 0.25 10
0.799 -1.26 -0.179 10
1.0 -0.62 -0.659 10
1.339 0.359 -1.339 10
1.89 1.939 -2.11 10
2.81 3.78 -2.37 10
3.6 5.92 -2.679 10
4.5 8.87 -2.25 10
7.31 12.429 -1.78 10
9.42 16.07 -2.6 10
9.76 21.88 -1.62 10
10.36 27.66 0.659 10
12.309 33.64 1.13 10
15.41 39.26 1.569 10
19.619 39.85 1.329 10
20.96 39.399 0.52 10
19.13 40.059 1.09 10
17.22 37.96 1.31 10
13.799 34.01 1.18 10
9.11 29.96 1.569 10
4.47 27.05 2.69 10
0.81 24.699 4.11 10
-1.13 21.77 5.04 9
-0.989 18.99 5.31 10
1.52 16.46 5.45 10
4.39 13.91 5.38 10
5.859 11.24 5.39 10
5.9 8.91 5.529 10
4.29 6.399 4.98 10
2.72 3.98 4.43 10
1.37 1.14 3.62 10
-0.02 -1.449 2.53 10
-1.31 -3.62 1.86 10
-2.45 -5.009 1.38 10
-3.399 -5.64 1.0 10
-4.15 -5.879 0.799 10
-4.44 -6.009 0.669 10
-4.29 -6.009 0.34 10
-3.709 -5.779 0.12 10
-3.0 -5.5 0.01 10
-2.25 -5.1 -0.149 10
-1.699 -4.549 -0.229 10
-1.09 -4.049 -0.149 10
-0.48 -3.659 -0.089 10
0.37 -3.46 -0.22 10
0.93 -3.379 -0.329 10
0.9 -2.98 -0.21 10
0.83 -2.45 -0.22 10
0.919 -1.979 -0.34 10
1.68 -1.52 -0.45 10
2.62 -0.969 -0.729 10
2.95 -0.5 -0.989 9
3.03 0.01 -1.24 10
2.929 0.24 -1.449 10
3.12 0.53 -1.67 10
3.129 0.909 -2.24 10
3.49 1.53 -2.31 10
2.919 2.639 -2.01 10
3.35 3.98 -1.92 10
4.24 5.73 -2.06 10
5.1 8.519 -2.419 10
4.85 13.67 -1.979 10
5.39 21.439 0.75 10
9.51 28.609 3.5 10
15.759 33.78 4.279 10
23.5 37.43 5.69 10
27.529 40.059 6.799 10
28.699 40.059 7.589 10
28.55 40.059 7.74 10
27.38 40.059 7.47 10
24.039 36.98 6.77 10
19.85 32.88 5.879 10
16.39 29.58 6.049 10
13.12 25.48 5.259 10
11.45 22.07 4.759 10
9.96 18.33 3.87 10
8.389 14.41 2.79 10
6.549 10.49 1.76 10
4.819 6.629 0.909 10
3.23 2.96 0.34 9
1.86 0.0 -0.299 10
0.669 -2.25 -1.06 10
0.29 -4.009 -1.15 10
0.299 -5.4 -1.1 10
-0.229 -6.83 -1.03 10
-1.01 -7.839 -0.489 10
-1.849 -8.44 0.0 10
-2.74 -8.78 0.17 10
-3.449 -8.66 0.25 10
-3.899 -8.349 0.299 10
-4.06 -7.759 0.53 10
-4.0 -7.049 0.729 10
-3.73 -6.359 0.89 10
-3.24 -5.62 0.969 10
-2.659 -4.87 1.09 10
-1.89 -4.02 1.12 10
-1.37 -3.47 1.02 13
-0.979 -2.79 1.09 10
-0.45 -2.2 1.09 10
0.149 -2.06 0.989 10
0.51 -2.03 0.63 10
0.7 -1.76 0.08 10
0.719 -1.35 -0.47 10
0.7 -1.05 -0.669 10
0.74 -0.729 -0.69 10
0.76 -0.25 -0.969 10
1.24 0.329 -1.199 10
1.829 1.22 -1.67 10
2.69 2.129 -2.04 10
3.639 3.27 -2.35 10
4.16 4.83 -2.04 10
5.18 6.879 -0.76 10
6.92 9.25 0.849 10
8.3 12.91 2.01 10
9.37 19.55 3.11 10
12.219 27.98 6.379 10
19.289 33.63 9.46 10
27.859 34.77 10.269 10
34.77 34.73 10.44 10
36.11 36.46 11.139 10
34.03 37.75 11.58 10
29.34 34.1 9.57 10
24.07 29.939 8.59 10
18.27 26.31 7.68 10
13.549 24.42 7.22 10
10.389 22.769 7.049 10
8.92 20.71 6.64 9
8.099 18.34 6.1 10
7.06 15.73 5.12 10
6.029 12.83 4.089 10
4.81 9.929 3.02 10
3.669 7.02 1.81 10
2.85 4.21 1.04 10
2.36 1.699 0.669 10
2.129 -0.149 0.399 10
2.44 -1.699 -0.049 10
2.34 -3.27 -0.31 10
1.849 -4.92 -0.049 10
1.1 -5.85 0.099 10
-0.01 -6.33 0.24 10
-0.9 -6.21 0.28 10
-1.709 -6.069 0.21 10
-2.53 -5.9 0.47 10
-3.189 -5.549 0.61 10
-3.86 -5.069 0.7 10
-4.35 -4.37 0.65 10
-4.509 -3.689 0.76 10
-4.319 -3.189 0.76 10
-3.74 -2.649 0.83 10
-3.12 -2.21 0.82 10
-2.429 -1.979 0.719 10
-1.73 -1.77 0.32 10
-1.43 -1.459 0.229 10
-1.06 -1.4 0.11 10
-0.37 -1.67 -0.14 10
0.199 -1.839 -0.459 10
0.919 -1.88 -0.74 10
1.13 -1.65 -0.83 10
0.909 -1.28 -0.93 10
0.38 -0.61 -1.17 10
-0.299 0.0 -1.66 10
-0.19 0.64 -2.22 9
0.61 1.41 -2.22 10
2.939 2.33 -2.47 10
5.27 3.8 -3.33 10
7.629 7.069 -3.449 10
10.7 13.139 -1.76 10
14.07 21.38 2.09 10
17.44 30.23 4.17 10
22.63 37.03 4.94 10
31.72 39.09 6.799 10
37.44 38.899 7.029 10
36.57 40.05 6.549 10
33.64 40.059 3.77 10
29.75 40.05 1.78 10
24.189 35.85 1.01 10
19.71 31.08 0.34 10
15.67 27.359 0.87 10
11.82 24.269 1.28 10
9.389 21.15 1.43 10
7.95 17.92 1.23 10
6.12 14.19 0.82 10
4.2 10.37 0.32 10
2.419 6.779 -0.08 10
0.65 2.52 -0.65 10
-0.28 -0.76 -0.63 10
-0.849 -3.5 -0.47 10
-0.669 -5.72 -0.38 10
-0.299 -7.66 0.03 10
-1.15 -8.7 0.41 10
-2.48 -8.65 0.26 10
-3.54 -7.839 0.489 10
-4.1 -7.69 0.659 10
-4.25 -7.83 0.77 10
-4.38 -7.77 0.909 10
-4.279 -7.43 1.069 10
-4.06 -6.83 1.189 9
-3.98 -6.1 1.189 10
-3.59 -5.37 1.28 10
-3.11 -4.66 1.329 10
-2.57 -4.1 1.35 10
-1.77 -3.6 1.459 10
-1.0 -3.08 1.459 10
-0.13 -2.83 1.54 10
0.57 -2.81 1.329 10
1.079 -2.72 1.25 10
1.42 -2.58 1.079 10
1.66 -2.429 0.9 10
1.87 -1.88 0.51 10
2.129 -1.24 0.21 10
2.52 -0.719 -0.06 10
3.25 -0.179 -0.08 10
4.21 0.299 -0.44 10
4.93 1.28 -0.77 10
5.859 2.78 -0.909 10
7.43 4.71 -0.63 10
9.13 7.52 0.04 10
10.36 11.32 0.96 10
11.269 16.109 2.169 10
13.96 22.21 3.929 10
17.02 27.93 6.1 10
20.73 30.49 7.27 10
27.14 30.96 8.71 10
31.63 32.36 10.49 10
32.46 35.059 11.59 10
33.329 37.1 11.88 10
32.75 36.19 12.16 10
29.789 33.559 11.9 10
26.539 30.88 11.66 10
22.97 28.019 11.519 10
19.609 24.93 10.73 10
16.96 21.72 9.719 9
14.309 17.32 8.61 10
11.91 14.179 7.21 10
9.38 11.259 5.569 10
6.899 8.08 4.04 10
4.85 4.72 2.83 10
2.96 1.599 1.77 10
1.41 -1.43 1.26 10
0.51 -3.97 0.799 10
0.12 -5.97 0.69 10
0.299 -7.799 0.659 10
0.25 -9.22 0.5 10
-0.56 -10.019 0.42 10
-1.699 -10.11 0.16 10
-2.629 -10.05 -0.22 10
-3.399 -9.91 -0.53 10
-4.08 -9.55 -0.719 10
-4.71 -8.66 -0.61 10
-4.99 -7.83 -0.61 10
-4.68 -6.99 -0.52 10
-3.99 -6.08 -0.52 10
-3.149 -5.31 -0.269 10
-2.3 -4.56 -0.16 10
-1.35 -4.21 0.089 10
-0.42 -3.83 0.21 10
0.56 -3.34 0.179 10
1.189 -3.06 0.03 10
1.43 -2.97 -0.11 10
1.01 -2.58 -0.089 10
0.38 -2.169 -0.19 10
-0.199 -1.73 -0.64 10
0.11 -1.599 -0.9 10
0.62 -1.02 -1.339 10
1.13 -0.48 -1.949 10
2.09 0.269 -2.389 10
3.419 1.52 -2.82 9
4.43 3.23 -3.139 10
4.6 5.549 -3.07 10
5.45 8.88 -2.129 10
6.839 13.07 -1.189 10
8.4 18.43 0.68 10
10.219 24.35 2.399 10
12.78 29.58 3.659 10
18.58 33.41 5.21 10
25.32 34.48 5.819 10
29.269 35.219 5.529 10
31.08 39.27 5.39 10
32.099 40.04 5.029 10
29.24 36.61 4.64 10
25.029 33.54 4.08 10
20.51 30.74 4.529 10
15.809 28.55 4.799 10
12.71 26.46 4.58 10
10.92 24.63 4.7 10
9.639 22.55 4.38 10
8.0 19.97 3.649 10
6.48 16.66 2.669 10
5.06 12.799 1.52 10
3.959 9.09 0.7 10
3.139 5.47 0.269 10
2.939 2.35 -0.22 10
2.08 -0.179 -0.78 10
1.48 -2.26 -0.94 10
1.43 -4.04 -0.81 10
0.64 -5.49 0.04 10
-0.55 -6.69 0.76 10
-2.07 -7.35 0.909 10
-2.7 -7.62 0.95 10
-3.05 -7.75 1.24 10
-3.439 -7.629 1.41 10
-3.35 -7.02 1.709 9
-3.139 -6.549 1.8 10
-2.82 -6.08 1.9 10
-2.669 -5.549 1.78 10
-2.44 -5.049 1.73 10
-2.06 -4.56 1.65 10
-1.689 -4.38 1.65 10
-1.31 -4.279 1.68 10
-0.849 -4.18 1.75 10
-0.5 -4.16 1.74 10
-0.11 -4.27 1.689 10
0.26 -4.5 1.38 10
0.5 -4.45 0.94 10
0.57 -4.029 0.539 10
0.37 -3.58 0.14 10
0.25 -3.02 -0.21 10
0.34 -2.45 -0.47 10
0.57 -2.1 -0.859 10
1.05 -1.66 -1.339 10
1.55 -1.06 -1.849 10
2.389 -0.459 -1.75 10
2.8 0.22 -1.61 10
3.51 1.4 -2.0 10
4.36 3.52 -1.86 10
5.35 7.06 -1.09 10
6.48 11.67 -0.64 10
7.509 18.05 0.179 10
10.309 25.1 2.1 10
15.25 29.529 4.49 10
24.71 32.899 6.129 10
33.48 35.84 6.29 10
38.18 40.059 7.24 10
39.25 40.059 8.929 10
39.25 40.059 8.36 10
39.0 40.059 7.029 10
32.279 36.78 5.52 9
25.859 33.42 6.259 10
20.619 30.32 6.85 10
17.25 27.449 7.12 10
15.33 24.76 7.569 10
13.94 21.699 7.46 10
12.16 18.23 6.319 10
10.15 14.299 5.06 10
7.839 10.26 3.86 10
5.18 5.279 2.25 10
3.35 1.449 1.439 10
1.75 -1.81 0.489 10
0.9 -3.959 0.21 10
0.48 -5.74 0.03 10
0.429 -7.43 -0.08 10
-0.57 -8.69 0.63 10
-1.75 -9.29 0.849 10
-2.46 -9.889 0.669 10
-3.09 -10.01 0.63 10
-3.78 -9.5 0.5 10
-4.18 -8.78 0.55 10
-3.929 -8.28 0.51 10
-3.72 -7.6 0.32 10
-3.49 -6.67 0.489 10
-3.27 -6.009 0.58 10
-2.659 -5.779 0.599 10
-2.04 -5.73 0.62 10
-1.63 -5.71 0.59 10
-1.49 -5.69 0.229 10
-1.17 -6.16 0.21 10
-0.75 -6.279 0.42 10
-0.39 -6.109 0.359 10
0.0 -5.92 0.049 10
0.359 -5.259 -0.32 10
0.849 -4.799 -0.48 10
1.1 -4.02 -0.62 9
1.61 -3.179 -0.76 10
2.37 -2.19 -0.93 10
2.59 -1.25 -1.28 10
2.649 -0.459 -1.439 10
2.82 0.229 -1.329 10
3.379 0.55 -1.22 10
3.73 1.209 -1.16 10
3.97 2.73 -1.48 10
4.509 5.259 -1.35 10
6.12 9.38 -0.969 10
8.769 14.95 -0.58 10
11.87 21.25 -0.149 10
15.389 28.779 0.84 10
20.96 37.559 3.06 10
27.16 40.05 3.52 10
33.45 40.059 4.08 10
33.899 40.059 3.53 10
33.09 40.059 4.259 10
32.14 40.059 4.529 10
28.46 39.05 3.62 10
23.289 33.29 3.86 10
17.75 29.06 4.02 10
13.67 24.939 4.38 10
11.01 20.98 4.77 10
9.07 17.08 5.009 10
7.49 13.53 5.06 10
5.879 10.01 4.64 10
4.52 6.66 3.889 10
3.98 3.73 3.21 10
3.86 1.43 2.1 10
3.31 -0.089 1.36 10
2.649 -1.4 0.84 10
2.19 -2.929 0.74 10
2.169 -4.569 0.669 10
1.51 -5.97 0.659 9
0.51 -6.42 0.64 10
-0.359 -6.19 0.48 10
-0.83 -6.02 0.459 10
-1.53 -6.06 0.48 10
-1.99 -5.879 0.56 10
-2.129 -5.609 0.539 10
-2.06 -5.319 0.5 10
-2.07 -4.96 0.45 10
-2.0 -4.46 0.51 10
-1.829 -3.98 0.47 10
-2.05 -4.17 0.22 10
-2.0 -4.69 0.02 10
-1.939 -5.12 -0.71 10
-2.03 -5.21 -1.39 10
-2.08 -5.2 -1.689 10
-2.22 -5.029 -1.839 10
-2.07 -4.839 -1.979 10
-1.92 -4.58 -2.01 10
-1.5 -4.23 -1.89 10
-1.09 -3.689 -1.74 10
-0.859 -3.06 -1.65 10
-0.19 -2.409 -1.35 10
0.5 -1.81 -1.06 10
1.09 -1.24 -1.14 10
0.979 -0.19 -1.339 10
0.599 1.16 -1.43 10
1.43 2.24 -1.339 10
3.179 3.139 -0.96 10
4.89 4.529 -0.919 10
7.43 8.5 -0.88 10
8.65 14.82 1.06 10
10.87 22.17 3.54 10
14.58 29.58 6.77 10
22.43 35.88 8.65 10
32.559 40.059 9.71 10
39.25 40.059 11.74 9
39.25 40.059 11.44 10
34.98 40.059 9.08 10
30.63 40.05 7.95 10
24.769 35.38 5.759 10
20.13 30.31 3.929 10
16.91 26.46 3.399 10
13.94 23.57 3.25 10
11.36 20.789 3.189 10
9.41 17.85 3.139 10
7.629 14.809 3.12 10
6.029 11.53 2.97 10
4.549 8.38 2.57 10
3.48 5.91 2.07 10
2.96 3.77 1.68 10
2.29 1.24 0.48 10
1.77 -0.64 -0.64 10
1.53 -2.61 -1.29 10
1.4 -4.529 -1.38 10
0.76 -5.95 -0.919 10
-0.599 -6.83 -0.659 10
-1.839 -6.92 -0.93 10
-2.659 -6.52 -1.079 10
-3.11 -6.37 -0.82 10
-3.399 -6.319 -0.47 10
-3.659 -6.24 -0.34 10
-3.709 -5.89 -0.229 10
-3.449 -5.19 0.22 10
-3.05 -4.35 0.269 10
-2.61 -3.699 0.48 10
-2.159 -3.11 0.59 10
-1.439 -2.71 0.74 10
-0.74 -2.37 0.919 10
-0.19 -2.149 0.77 10
-0.04 -2.1 0.859 10
0.04 -2.21 0.93 9
0.19 -2.409 0.78 10
0.269 -2.36 0.58 10
0.199 -2.169 0.26 10
0.17 -2.149 -0.12 10
0.51 -1.61 -0.44 10
1.06 -0.599 -0.81 10
1.8 0.57 -1.56 10
2.83 1.53 -1.9 10
3.689 2.18 -1.53 10
4.91 3.199 0.81 10
5.58 5.06 5.38 10
6.04 8.23 6.17 10
6.14 12.599 3.659 10
7.72 17.539 1.599 10
10.139 24.26 1.81 10
13.98 31.38 5.75 10
19.609 35.28 9.3 10
25.23 37.34 13.88 10
30.529 38.579 9.389 10
32.8 40.05 7.98 10
31.89 40.059 9.8 10
25.109 36.3 8.05 10
19.8 32.439 5.41 10
16.01 29.46 5.23 10
12.79 26.65 5.22 10
10.139 24.269 4.49 10
7.99 21.84 3.81 10
6.73 18.939 3.429 10
6.24 15.429 3.379 10
5.77 12.269 3.129 10
5.089 9.22 2.28 10
4.37 6.089 1.49 10
3.33 3.439 0.77 10
2.45 1.43 0.17 10
1.64 -0.62 -0.02 9
1.25 -2.6 0.12 10
1.01 -4.44 0.199 10
0.729 -6.049 0.26 10
0.75 -7.419 0.45 10
0.32 -8.17 0.659 10
-0.39 -8.13 1.06 10
-1.27 -7.79 1.23 10
-2.28 -7.62 1.24 10
-2.74 -7.44 1.329 10
-2.79 -6.87 1.36 10
-2.37 -6.19 1.25 10
-2.06 -5.52 0.969 10
-1.819 -4.93 0.71 10
-1.459 -4.24 0.489 10
-1.209 -3.699 0.229 10
-1.14 -3.199 0.01 10
-0.969 -2.96 0.06 10
-0.64 -2.649 0.08 10
-0.199 -2.29 -0.149 10
0.14 -2.129 -0.14 10
0.48 -1.87 -0.12 10
0.599 -1.61 -0.14 10
0.489 -1.25 -0.21 10
0.74 -0.979 0.0 10
0.87 -0.539 0.14 10
0.919 -0.16 0.12 10
1.06 0.299 -0.04 10
1.5 1.11 -0.299 10
2.28 2.55 -1.0 10
2.939 4.15 -1.67 10
3.86 6.69 -1.839 10
3.26 11.099 -1.42 10
3.169 17.039 -0.93 10
5.5 24.699 0.12 10
9.469 32.52 1.63 9
15.32 37.39 0.59 10
24.47 40.04 2.11 10
29.46 40.059 2.51 10
29.39 40.059 2.62 10
27.23 40.059 2.25 10
23.529 40.059 1.68 10
19.369 36.3 0.61 10
15.53 32.27 0.39 10
12.19 29.199 0.399 10
9.84 26.25 0.599 10
8.12 23.06 0.77 10
6.68 20.13 0.87 10
5.319 17.05 0.87 10
4.22 14.009 0.719 10
3.5 11.41 0.58 10
2.669 9.34 0.34 10
2.139 6.77 -0.14 10
1.99 4.66 -0.399 10
1.949 2.399 -0.52 10
2.04 0.26 -0.32 10
2.03 -1.689 0.11 10
1.719 -3.669 0.83 10
1.79 -5.46 1.54 10
1.48 -7.049 2.08 10
0.84 -8.01 2.04 10
-0.01 -8.44 1.589 10
-1.12 -8.61 1.15 10
-2.22 -8.57 1.11 10
-3.189 -8.189 1.14 10
-3.699 -7.69 1.15 10
-3.97 -7.08 0.669 10
-4.04 -6.529 0.199 10
-3.84 -5.94 0.14 10
-3.11 -5.58 0.179 10
-2.19 -5.33 0.17 9
-1.3 -4.73 0.11 10
-0.22 -4.41 0.14 10
0.669 -4.17 0.11 10
1.22 -3.97 0.099 10
1.38 -3.57 0.02 10
1.39 -2.99 -0.329 10
0.82 -2.6 -0.52 10
0.11 -1.88 -0.539 10
0.089 -0.789 -0.93 10
0.87 0.19 -1.319 10
1.939 0.84 -1.41 10
2.659 1.27 -1.5 10
2.57 1.91 -1.54 10
2.75 2.6 -1.35 10
3.409 3.97 -0.37 10
4.35 6.18 0.099 16
5.38 8.62 0.24 10
6.629 12.63 1.0 10
9.429 19.439 2.5 10
14.519 27.529 3.75 10
20.85 35.87 5.37 10
29.55 40.059 6.47 10
36.43 40.059 7.899 10
36.75 40.059 7.72 10
34.46 40.059 7.069 10
30.429 40.059 7.04 10
23.58 36.27 6.1 10
18.81 32.149 5.68 10
15.25 29.179 5.42 10
12.42 26.279 4.64 10
10.62 23.6 4.049 10
9.29 20.939 3.25 10
7.919 18.109 2.28 10
6.569 15.23 1.35 10
5.339 12.11 0.459 10
4.509 9.12 -0.37 9
4.13 6.44 -0.969 10
3.78 3.74 -1.339 10
3.21 1.37 -1.5 10
2.929 -0.89 -1.49 10
1.92 -3.05 -0.719 10
0.88 -4.47 0.199 10
-0.199 -5.4 0.69 10
-1.079 -5.87 0.88 10
-1.66 -6.379 0.979 10
-2.1 -6.79 1.209 10
-2.59 -7.17 1.24 10
-3.03 -7.33 1.459 10
-3.24 -7.319 1.8 10
-3.56 -7.069 1.93 10
-3.659 -6.62 1.959 10
-3.62 -6.279 1.93 10
-3.179 -5.83 1.93 10
-2.44 -5.549 1.92 10
-1.65 -5.52 1.949 10
-1.01 -5.66 1.599 10
-0.459 -5.64 1.069 10
-0.39 -5.6 0.299 10
-0.24 -5.39 -0.329 10
-0.149 -5.04 -0.88 10
0.02 -4.87 -1.22 10
0.26 -4.62 -1.37 10
0.38 -4.319 -1.53 10
0.599 -4.0 -1.75 10
0.789 -3.659 -1.9 10
0.7 -3.09 -1.56 10
1.1 -2.48 -1.39 10
1.51 -1.829 -1.61 10
2.3 -0.969 -1.339 10
3.639 0.459 -1.35 10
5.1 2.27 -1.89 10
6.08 5.66 -1.469 10
6.81 11.16 -0.11 10
9.82 20.01 2.18 10
14.24 29.73 4.029 10
21.13 36.149 5.25 10
31.019 39.28 5.19 10
38.59 40.059 5.81 10
39.25 40.059 5.72 10
36.89 40.059 4.47 10
33.059 40.059 2.72 10
28.16 37.719 2.34 10
23.47 33.93 2.04 10
19.369 30.949 2.07 10
16.07 28.47 2.19 10
13.809 25.75 2.1 10
12.36 22.73 1.76 10
10.889 19.75 1.449 10
9.099 16.9 1.06 10
7.279 13.9 0.61 10
5.4 10.62 -0.04 10
3.73 7.41 -0.74 10
2.69 4.549 -0.859 10
2.0 1.27 -0.89 10
1.55 -1.22 -1.29 9
1.0 -3.179 -1.06 10
0.299 -4.44 -0.29 10
-0.57 -5.24 0.08 10
-0.9 -6.0 0.35 10
-1.03 -6.64 0.63 10
-1.17 -7.109 0.84 10
-1.569 -6.98 1.03 10
-1.959 -6.75 1.17 10
-2.19 -6.58 1.329 10
-2.409 -6.37 1.31 10
-2.51 -6.02 1.31 10
-2.5 -5.629 1.37 10
-2.29 -5.299 1.27 10
-2.09 -5.14 1.4 10
-1.8 -5.04 1.31 10
-1.39 -5.17 1.48 10
-0.979 -5.58 1.599 10
-0.47 -5.779 1.68 10
0.04 -5.759 1.61 10
0.62 -5.6 1.11 10
0.849 -5.23 0.76 10
0.989 -4.759 0.61 10
0.799 -4.27 0.64 10
0.61 -3.76 0.47 10
1.13 -3.29 0.359 10
1.65 -2.629 0.02 10
1.979 -1.63 -0.22 10
2.02 -0.57 -0.489 10
3.05 0.669 -1.14 10
3.58 1.93 -1.37 10
4.4 4.029 -1.319 10
5.069 8.24 -1.35 10
4.97 14.88 -1.35 10
7.08 24.35 -1.26 10
12.46 35.649 -2.2 10
18.33 40.03 -1.29 10
26.779 40.059 -0.68 10
32.54 40.059 -0.95 10
30.519 40.059 -0.89 10
27.59 40.059 0.179 10
24.25 40.059 0.04 10
21.0 40.059 0.25 10
17.02 35.68 0.52 10
12.33 30.869 1.27 10
10.219 26.9 1.86 10
8.87 22.63 2.32 10
7.859 18.18 2.409 10
6.73 13.389 2.29 10
5.35 9.0 1.99 10
4.319 5.02 1.62 10
3.169 1.849 0.95 10
2.34 -0.74 0.78 10
1.49 -3.02 0.9 10
0.87 -5.08 1.199 10
-0.12 -6.609 1.439 10
-0.859 -7.19 1.37 10
-1.449 -7.69 1.29 10
-2.01 -8.599 1.36 10
-2.22 -9.44 1.339 9
-2.71 -9.7 1.079 10
-3.22 -9.61 0.9 10
-3.649 -9.429 0.82 10
-3.889 -9.04 0.7 10
-3.72 -8.44 0.56 10
-3.35 -7.85 0.44 10
-2.74 -7.27 0.39 10
-1.54 -6.46 0.269 10
-0.909 -5.73 0.17 10
-0.52 -5.1 0.229 10
0.149 -4.68 0.31 10
0.859 -4.14 0.12 10
1.459 -3.649 -0.229 10
1.979 -3.1 -0.29 10
2.23 -2.649 -0.31 10
2.389 -2.06 -0.62 10
2.33 -1.35 -0.63 10
2.32 -0.47 -0.61 10
1.92 0.51 -0.669 10
2.34 1.339 -0.59 10
3.74 1.979 -0.38 10
5.47 2.11 -0.44 10
6.43 3.179 -0.539 10
7.33 5.87 -0.26 10
7.669 9.38 0.19 10
7.71 15.21 0.95 10
9.41 23.07 3.189 10
13.16 30.59 5.19 10
19.789 36.309 6.04 10
30.859 40.059 7.129 10
35.19 40.059 7.18 10
33.63 40.059 6.87 10
32.099 40.059 6.589 10
28.93 39.89 5.089 10
24.42 34.12 3.629 10
19.359 29.349 3.04 10
15.12 25.619 2.649 10
12.08 22.6 2.419 10
10.219 20.13 2.629 10
9.08 17.42 2.909 10
8.23 14.71 2.939 10
7.22 12.179 2.73 10
6.359 9.91 2.37 10
5.42 7.669 1.949 10
4.64 5.799 1.29 10
3.8 3.889 0.74 10
3.169 1.819 0.429 10
2.52 -0.38 0.38 10
1.99 -2.34 0.22 10
1.319 -3.85 0.35 10
0.61 -4.95 0.34 10
0.199 -5.589 0.329 10
-0.56 -5.569 0.29 10
-1.3 -5.4 0.359 10
-1.689 -5.39 0.42 10
-1.81 -5.589 0.42 10
-2.03 -5.93 0.52 10
-2.23 -6.2 0.32 10
-2.28 -6.47 0.28 9
-2.37 -6.62 0.359 10
-2.24 -6.899 0.35 10
-1.939 -7.16 0.429 10
-1.65 -7.12 0.68 10
-1.42 -6.83 0.719 10
-1.24 -6.41 0.51 10
-0.909 -6.16 0.489 10
-0.539 -5.91 0.75 10
-0.31 -5.5 0.74 10
-0.21 -4.94 0.52 10
-0.049 -4.42 0.38 10
0.38 -3.86 0.25 10
1.15 -3.27 -0.329 10
2.12 -2.909 -0.56 10
3.449 -2.04 -0.69 10
4.24 -0.539 -1.38 10
4.75 1.199 -1.88 10
3.87 2.52 -0.969 10
4.859 5.71 -1.81 10
6.66 11.57 -2.21 10
8.139 19.49 -1.75 10
9.07 28.63 -0.21 10
10.58 37.739 2.32 10
16.69 40.05 4.85 10
25.439 40.059 5.69 10
30.099 40.059 5.79 10
27.8 40.059 4.77 10
24.76 40.059 4.15 10
21.31 40.04 3.179 10
17.63 35.48 2.05 10
14.75 30.99 1.579 10
12.46 27.82 1.67 10
10.74 25.39 1.709 10
9.36 22.75 1.849 10
8.269 19.71 1.709 10
7.17 16.71 1.459 10
6.35 14.13 0.979 10
5.509 11.61 0.45 10
4.68 9.3 0.0 10
4.04 6.95 -0.34 10
3.929 4.44 -0.87 10
3.49 1.73 -1.329 10
2.23 -1.53 -1.52 10
1.38 -2.96 -1.959 10
0.45 -4.819 -2.04 10
-0.06 -5.819 -1.76 10
-0.56 -6.319 -1.53 10
-1.26 -6.67 -1.199 10
-1.709 -6.98 -0.95 10
-1.88 -7.23 -0.45 10
-2.03 -7.339 -0.02 10
-2.01 -7.29 0.02 10
-1.99 -7.02 -0.17 10
-1.92 -6.379 -0.51 10
-1.589 -5.62 -0.95 10
-1.43 -4.9 -1.17 10
-1.209 -4.36 -0.659 10
-1.15 -4.12 0.0 10
-0.989 -4.1 0.69 9
-0.799 -4.0 1.069 10
-0.42 -3.98 1.13 10
-0.049 -3.75 1.5 10
0.0 -3.629 1.62 10
-0.049 -3.32 1.81 10
-0.02 -3.22 2.11 10
0.19 -3.34 2.21 10
0.93 -3.419 2.08 10
1.67 -3.0 1.709 10
1.39 -2.27 1.65 10
0.76 -1.67 1.939 10
1.78 0.13 1.36 10
3.05 3.47 1.329 10
3.74 7.83 1.86 10
4.589 13.7 2.02 10
6.52 22.699 4.049 10
10.65 33.16 5.0 10
16.73 40.059 4.94 10
25.68 40.059 6.54 10
31.279 40.059 5.56 10
29.23 40.059 4.04 10
27.539 40.059 4.68 10
24.76 40.059 3.55 10
20.789 37.62 2.11 10
15.96 32.669 2.1 10
11.32 29.05 1.949 10
8.0 26.039 1.979 10
6.359 23.21 2.08 10
5.569 20.6 2.2 10
5.27 17.67 2.23 10
5.62 14.309 2.03 10
6.19 11.15 1.4 10
6.27 8.62 0.63 10
5.41 6.42 0.049 10
4.15 3.99 -0.199 10
3.179 0.459 -0.65 10
2.649 -1.9 -0.399 10
0.969 -4.9 0.149 10
-0.32 -6.279 0.28 10
-1.35 -7.21 0.489 10
-1.75 -7.89 0.7 10
-2.32 -8.16 0.95 10
-2.78 -8.019 0.969 10
-2.73 -8.05 1.069 10
-2.399 -8.16 1.15 10
-2.139 -8.029 1.079 10
-1.949 -7.62 1.06 10
-1.78 -7.08 0.95 10
-1.65 -6.54 0.62 10
-1.25 -5.97 0.24 10
-0.969 -5.65 0.12 10
-1.03 -5.25 0.049 10
-0.789 -4.93 -0.16 10
-0.56 -4.75 -0.42 10
-0.399 -4.54 -0.38 10
-0.179 -3.97 -0.63 10
0.25 -3.669 -0.88 10
0.34 -3.189 -0.89 10
0.359 -2.48 -1.43 9
0.76 -1.67 -1.8 10
1.079 -0.75 -2.139 10
1.35 1.09 -2.159 10
1.819 2.44 -1.87 10
2.99 3.679 -1.78 10
4.29 6.529 -1.18 10
5.35 10.95 -0.21 10
6.819 17.279 0.5 10
8.8 25.34 1.76 10
12.37 34.63 3.199 10
17.15 40.05 4.069 10
24.93 40.059 3.87 10
30.26 40.059 3.06 10
26.93 40.059 1.329 10
22.439 40.059 0.88 10
18.789 38.95 -0.04 10
15.9 33.68 -1.03 10
13.19 29.26 -1.04 10
10.63 26.55 -0.89 10
8.559 24.42 -0.39 10
7.18 21.869 -0.269 10
6.29 19.01 -0.199 10
6.02 16.34 0.0 10
6.009 14.019 0.08 10
6.19 12.08 0.0 10
6.24 10.23 -0.26 10
5.98 8.309 -0.63 10
5.14 6.12 -0.789 10
3.77 3.3 -0.729 10
2.6 1.189 -0.53 10
1.39 -0.909 -0.26 10
0.74 -2.939 -0.03 10
-0.07 -5.02 0.099 10
-0.789 -6.629 0.11 10
-1.599 -7.77 -0.07 10
-2.52 -8.559 -0.12 10
-3.12 -8.83 0.16 10
-3.629 -8.73 0.14 10
-3.76 -8.849 0.12 10
-3.53 -9.03 0.269 10
-3.25 -8.83 0.489 10
-2.679 -8.599 0.669 10
-2.139 -8.109 0.859 10
-1.829 -7.43 0.979 10
-1.449 -6.649 1.17 10
-0.9 -6.2 1.319 10
-0.47 -5.85 1.439 10
-0.14 -5.38 1.209 10
0.359 -4.97 0.979 10
0.71 -4.54 0.859 10
1.02 -4.02 0.399 10
1.35 -3.35 0.11 10
1.589 -2.83 -0.06 10
2.06 -2.07 -0.429 10
2.7 -1.22 -0.89 10
3.79 -0.06 -1.079 10
5.23 2.34 -0.799 10
6.25 6.35 -0.69 10
6.339 12.38 -0.38 9
8.16 21.13 1.1 10
11.49 30.609 3.33 10
14.19 38.93 5.24 10
19.93 40.059 7.14 10
27.34 40.059 7.21 10
31.67 40.059 7.79 10
32.559 40.059 7.96 10
31.26 40.059 7.049 10
27.22 40.059 5.799 10
21.359 36.05 4.62 10
16.27 30.779 3.99 10
12.11 26.71 3.54 10
9.4 23.23 3.31 10
7.98 20.21 3.25 10
7.25 17.539 3.11 10
6.48 14.36 2.47 10
5.48 9.96 1.48 10
4.73 6.7 0.94 10
3.919 3.58 0.28 10
3.389 0.69 -0.45 10
2.73 -1.949 -0.82 10
2.06 -4.33 -0.65 10
1.38 -6.77 -0.5 10
0.44 -8.48 -0.37 10
-0.76 -9.269 0.04 10
-1.699 -9.87 0.25 10
-2.35 -10.559 0.229 10
-3.01 -11.01 0.19 10
-3.409 -10.969 0.34 10
-3.57 -10.46 0.489 10
-3.48 -9.59 0.7 10
-3.12 -8.63 0.81 10
-2.51 -7.74 0.88 10
-1.77 -6.83 0.89 10
-1.589 -5.87 0.969 10
-1.18 -5.029 0.859 10
-0.669 -4.33 0.399 10
-0.269 -3.79 -0.04 10
0.049 -3.439 -0.35 10
0.359 -3.07 -0.53 10
0.56 -2.429 -0.719 10
0.719 -2.19 -0.96 10
1.0 -1.91 -0.95 10
1.199 -1.459 -0.89 10
1.56 -0.849 -0.919 10
1.76 -0.14 -0.909 10
2.2 0.969 -1.079 10
3.139 2.6 -1.16 10
3.74 3.82 -1.13 10
4.21 5.109 -0.74 10
6.12 8.21 0.429 10
7.589 11.79 0.329 10
8.72 15.849 0.63 10
10.809 21.39 2.75 10
12.23 28.33 4.029 10
13.63 37.67 5.66 10
18.33 40.05 7.48 10
26.449 40.059 7.87 10
30.369 38.969 7.49 9
28.949 40.05 8.029 10
27.05 40.059 7.98 10
23.63 35.309 5.41 10
18.01 30.21 3.439 10
14.0 26.99 2.26 10
10.74 24.18 1.42 10
8.04 21.529 0.75 10
6.52 19.18 0.399 10
5.62 16.42 0.37 10
5.029 13.61 0.42 10
4.71 11.15 0.459 10
4.58 8.86 0.69 10
4.779 6.69 0.659 10
4.67 4.569 0.29 10
4.21 2.29 0.12 10
3.419 0.099 -0.06 10
2.23 -1.76 0.099 10
1.15 -3.36 0.17 10
0.299 -4.92 0.229 10
-0.459 -6.04 0.39 10
-1.27 -6.75 0.53 10
-2.02 -7.12 0.659 10
-2.71 -7.31 0.68 10
-3.06 -7.46 0.659 10
-3.189 -7.609 0.729 10
-2.79 -7.87 0.789 10
-2.649 -7.85 1.05 10
-2.97 -7.2 1.02 10
-3.05 -6.569 0.82 10
-2.82 -6.04 0.789 10
-2.45 -5.48 0.539 10
-2.06 -4.819 0.11 10
-1.469 -4.259 -0.16 10
-0.84 -3.78 -0.199 10
-0.149 -3.409 -0.299 10
0.45 -3.179 -0.399 10
0.61 -2.82 -0.41 10
0.81 -2.389 -0.459 10
0.61 -2.0 -0.329 10
0.53 -1.74 -0.12 10
0.75 -1.18 -0.06 10
1.75 -0.399 -0.26 10
2.649 0.39 -0.93 10
4.47 1.55 -1.439 10
6.85 3.79 -1.36 10
8.05 8.389 -1.41 10
10.28 14.4 -0.179 10
14.009 21.52 1.77 10
17.949 28.63 2.889 10
21.32 36.16 3.85 10
25.92 40.05 4.83 10
31.269 40.059 3.699 10
32.8 40.059 2.53 10
32.46 40.059 3.33 10
31.609 40.059 2.69 10
29.3 39.61 2.03 10
24.769 35.42 1.75 10
20.27 32.649 1.67 10
16.779 29.17 2.01 9
13.84 25.39 2.19 10
11.559 21.4 2.149 10
9.36 17.5 1.89 10
7.39 13.88 1.62 10
5.529 10.36 1.3 10
4.049 6.66 0.94 10
2.28 2.05 0.5 10
1.06 -1.23 0.359 10
0.229 -4.29 0.16 11
-0.399 -7.109 0.149 10
-1.23 -9.26 0.29 10
-2.389 -10.469 0.229 10
-3.36 -11.059 0.03 10
-3.97 -11.269 0.16 10
-4.36 -11.21 0.28 10
-4.529 -10.7 0.44 10
-4.5 -9.99 0.68 10
-4.12 -9.3 0.969 10
-3.62 -8.78 1.12 10
-3.129 -8.24 1.26 10
-2.79 -7.77 1.53 10
-2.409 -7.259 1.54 10
-2.129 -6.68 1.599 10
-1.66 -6.009 1.689 10
-1.22 -5.42 1.839 10
-0.75 -4.92 1.92 10
-0.149 -4.339 1.959 10
0.34 -4.069 2.02 10
0.849 -3.81 1.99 10
1.29 -3.49 1.849 9
1.969 -3.139 1.79 10
2.58 -2.909 1.4 10
3.11 -2.37 1.13 10
3.25 -1.469 0.83 10
3.34 -0.269 0.48 10
3.59 0.88 0.089 10
3.97 2.58 -0.37 10
4.759 5.35 0.099 10
6.339 9.61 1.09 10
9.53 15.79 1.76 10
14.219 23.66 3.11 10
19.24 32.21 5.17 10
24.73 38.54 6.12 10
31.06 40.05 6.06 10
35.489 40.059 6.33 10
34.57 40.059 6.6 10
31.849 40.059 6.52 10
27.98 36.469 6.299 10
23.23 30.9 5.97 10
18.38 26.0 5.67 10
14.71 22.609 6.029 10
11.98 19.32 6.25 10
10.03 15.98 6.069 10
8.26 12.54 5.62 10
6.66 9.91 4.95 10
5.339 7.589 4.19 10
4.1 5.23 3.48 10
2.97 3.12 2.53 10
2.129 1.35 1.74 10
1.52 -0.42 1.06 10
1.04 -2.3 0.56 10
0.659 -3.879 0.359 10
0.17 -4.7 0.25 10
-0.399 -5.13 0.29 10
-1.16 -5.21 0.17 10
-1.959 -5.069 0.089 10
-2.54 -4.68 0.24 10
-2.919 -4.39 0.329 10
-3.449 -3.85 0.0 10
-3.58 -3.48 0.0 10
-3.669 -3.35 -0.12 10
-3.629 -3.449 0.01 10
-3.31 -3.3 -0.16 10
-2.76 -2.96 -0.19 10
-2.49 -2.56 -0.14 10
-2.47 -2.1 0.179 10
-2.659 -1.26 -0.14 10
-2.61 -0.799 0.07 10
-1.819 0.199 -0.17 10
-0.35 1.8 -0.19 10
1.339 3.379 0.32 10
3.59 4.72 1.11 10
4.799 6.58 1.689 10
3.889 9.87 1.04 10
-0.24 13.96 1.959 10
-5.62 16.44 6.299 10
-4.83 19.49 11.44 10
0.76 20.63 13.049 10
6.029 18.77 12.44 10
9.55 17.1 11.98 10
11.54 17.699 14.19 10
11.559 16.33 14.809 10
10.79 14.509 13.66 9
9.08 12.09 12.23 10
6.87 9.92 11.349 10
5.5 8.71 10.65 10
5.14 8.349 11.259 10
5.13 8.029 13.219 10
5.45 7.44 14.37 10
5.65 7.58 14.099 10
6.069 8.58 13.19 10
5.48 7.62 12.38 10
4.75 5.15 11.54 10
3.649 4.569 10.19 10
2.83 4.339 8.5 10
2.3 3.87 7.43 10
1.77 3.76 6.6 10
0.64 3.25 6.31 10
0.48 2.34 6.25 10
1.26 2.31 5.529 10
1.43 3.28 4.89 10
2.649 4.97 5.15 10
2.919 5.66 5.39 10
2.03 3.12 5.879 10
1.25 1.35 5.839 10
0.75 1.969 5.72 10
0.16 2.25 5.79 10
-0.84 2.04 5.99 10
-1.719 2.23 6.589 10
-1.969 2.379 7.129 10
-1.959 3.02 7.16 10
-1.0 3.01 8.2 10
0.32 2.56 8.55 10
1.23 2.52 8.87 10
1.41 2.669 9.019 10
1.56 2.72 9.139 10
1.199 2.929 9.349 10
0.7 3.909 9.42 10
0.099 3.98 9.309 10
-0.179 3.77 9.23 10
-0.089 3.929 9.32 10
0.03 3.959 9.71 10
-0.149 3.79 9.71 10
0.08 3.84 9.53 10
0.599 3.97 9.61 10
0.87 4.029 9.469 10
0.64 4.52 9.12 10
1.24 3.99 9.29 10
0.41 3.75 9.61 10
0.26 4.46 9.599 10
0.31 4.549 9.46 10
-0.049 4.52 9.2 10
-0.12 4.64 9.04 10
-0.16 4.92 9.01 10
-0.32 5.04 8.96 10
-0.399 5.02 8.7 10
-0.52 4.85 8.59 10
-0.729 4.41 8.58 10
-0.729 4.36 8.5 10
-0.41 4.27 8.5 10
-0.29 4.38 8.75 10
-0.21 4.69 8.78 10
-0.02 4.74 8.8 10
0.01 4.54 8.679 10
-0.01 4.29 8.55 9
-0.12 4.18 8.72 10
-0.22 4.12 8.69 10
-0.19 4.13 8.599 10
-0.32 4.35 8.639 10
-0.32 4.509 8.51 10
-0.179 4.44 8.49 10
-0.26 4.38 8.45 10
-0.359 4.58 8.429 10
-0.7 4.77 8.54 10
-0.919 4.569 8.67 10
-0.989 4.44 8.74 10
-1.03 4.33 8.72 10
-1.11 4.39 8.76 10
-1.11 4.52 8.809 10
-0.669 4.38 8.75 10
-0.42 4.31 8.62 10
-0.45 4.46 8.679 10
-0.75 4.6 8.61 10
-0.969 4.91 8.79 10
-0.68 4.41 8.76 10
-1.41 4.339 7.64 10
-1.87 5.009 8.849 10
-0.539 4.04 8.58 10
-0.62 4.12 8.84 10
-0.87 4.549 9.15 10
-0.719 4.39 9.57 10
-0.78 3.879 9.599 10
-1.03 4.23 9.719 10
-1.439 3.959 9.38 10
-1.53 4.2 8.849 10
-1.329 4.49 8.71 10
-1.12 4.64 8.44 10
-0.919 4.48 8.519 10
-0.48 4.4 8.82 10
-0.13 4.16 8.94 10
-0.08 4.08 8.97 10
-0.359 4.1 8.83 10
-0.64 4.19 8.61 10
-0.75 4.25 8.45 10
-0.83 4.29 8.34 10
-0.7 4.279 8.46 10
-0.63 4.36 8.44 10
-0.55 4.529 8.38 10
-0.57 4.589 8.59 10
-0.26 4.529 8.679 10
-0.01 4.2 8.769 10
-0.17 4.12 8.849 10
-0.37 4.089 8.97 10
-0.29 4.009 8.98 10
-0.299 3.879 9.139 10
-0.26 3.949 9.22 10
-0.22 4.14 9.23 10
-0.28 4.279 9.37 10
-0.42 4.319 9.55 10
-0.45 4.259 9.639 10
-0.359 4.069 9.719 10
-0.399 3.939 9.78 10
-0.32 3.84 9.9 10
-0.149 3.56 10.019 10
-0.07 3.29 9.96 10
-0.229 3.23 9.94 10
-0.39 3.379 9.889 10
-0.28 3.439 9.809 9
0.03 3.399 10.099 10
0.17 3.37 10.219 10
0.04 3.23 9.94 10
-0.12 3.23 9.71 10
-0.16 3.419 9.599 10
-0.049 3.35 9.37 10
0.089 2.98 9.05 10
-0.16 2.95 8.91 10
-0.21 3.1 8.82 10
-0.22 3.35 8.86 10
-0.089 3.379 8.91 10
0.06 3.409 9.07 10
0.17 3.56 9.33 10
0.179 3.54 9.3 10
0.03 3.47 9.26 10
-0.07 3.439 9.26 10
0.11 3.34 9.26 10
0.11 3.31 9.099 10
0.01 3.429 8.96 10
-0.12 3.629 8.91 10
-0.19 3.889 8.83 10
-0.11 3.879 8.82 10
-0.03 3.79 8.84 10
-0.099 3.83 8.809 10
-0.24 3.879 8.96 10
-0.41 3.82 8.94 10
-0.429 3.78 8.87 10
-0.399 3.699 8.97 10
-0.28 3.76 9.059 10
-0.31 3.889 9.059 10
-0.22 3.99 9.139 10
0.04 3.84 9.059 10
0.049 3.79 9.099 10
-0.14 3.87 9.04 10
-0.45 4.04 9.03 10
-0.64 4.15 8.9 10
-0.61 3.98 8.82 10
-0.489 3.909 8.74 10
-0.34 3.83 8.73 10
-0.28 3.85 8.67 10
-0.269 3.85 8.7 10
-0.269 4.029 8.72 10
-0.24 4.15 8.769 10
-0.24 4.14 8.76 10
-0.269 4.1 8.73 10
-0.359 4.06 8.82 10
-0.429 4.02 8.809 10
-0.359 3.98 8.82 10
-0.34 3.909 8.96 10
-0.28 3.899 9.019 10
-0.179 3.85 9.0 10
-0.179 4.009 9.139 10
-0.22 4.06 9.24 10
-0.16 4.04 9.26 10
-0.14 4.06 9.269 10
-0.25 4.06 9.179 10
-0.34 4.069 9.059 10
-0.41 4.06 8.95 10
-0.41 4.02 8.889 10
-0.42 4.04 8.84 10
-0.47 4.1 8.86 10
-0.42 4.089 8.98 9
-0.429 4.16 9.05 10
-0.38 4.16 9.04 10
-0.32 4.04 9.07 10
-0.35 4.1 9.13 10
-0.34 4.049 9.22 10
-0.35 4.02 9.19 10
-0.329 3.99 9.09 10
-0.35 3.959 9.059 10
-0.38 3.97 9.08 10
-0.32 3.97 9.11 10
-0.34 4.009 9.04 10
-0.39 4.1 9.099 10
-0.41 4.069 9.09 10
-0.359 4.0 9.03 10
-0.329 4.02 9.04 10
-0.39 3.99 8.99 10
-0.48 3.98 8.88 10
-0.52 4.069 8.809 10
-0.51 4.04 8.809 10
-0.45 3.99 8.889 10
-0.47 4.009 8.92 10
-0.45 4.0 8.929 10
-0.39 4.0 8.99 10
-0.38 4.06 8.929 10
-0.459 4.08 8.95 10
-0.5 4.0 8.97 10
-0.45 4.0 8.98 10
-0.48 3.97 9.0 10
-0.459 3.97 8.99 10
-0.459 3.889 9.0 10
-0.429 3.85 9.01 10
-0.38 3.86 8.94 10
-0.429 3.919 8.97 10
-0.429 3.959 8.92 10
-0.489 3.97 8.97 10
-0.51 4.0 8.94 10
-0.51 4.009 8.98 10
-0.59 4.02 8.929 10
-0.57 4.0 9.04 10
-0.51 4.009 9.09 10
-0.429 3.99 9.08 10
-0.45 4.0 9.17 10
-0.429 4.1 9.13 10
-0.399 4.1 9.07 10
-0.359 4.089 9.07 10
-0.32 4.08 9.03 10
-0.35 3.99 8.98 10
-0.329 4.029 8.95 10
-0.359 3.99 8.99 10
-0.35 4.02 8.929 10
-0.37 4.02 8.889 10
-0.37 4.049 9.019 10
-0.299 4.029 8.929 10
-0.34 3.97 8.96 10
-0.39 4.04 8.94 10
-0.38 4.0 9.0 10
-0.399 3.97 8.94 10
-0.44 4.029 8.98 10
-0.429 4.009 9.09 10
-0.459 4.029 9.01 10
-0.45 4.029 9.04 10
-0.45 3.99 9.08 10
-0.47 4.009 9.08 9
-0.48 3.959 9.08 10
-0.42 4.02 9.059 10
-0.41 3.939 9.059 10
-0.399 3.879 9.04 10
-0.45 3.939 9.07 10
-0.44 3.909 9.09 10
-0.45 3.939 9.05 10
-0.489 4.0 8.96 10
-0.5 4.029 8.96 10
-0.53 3.98 8.92 10
-0.489 3.99 9.0 10
-0.51 3.98 9.01 10
-0.5 3.97 9.01 10
-0.48 3.97 9.03 10
-0.459 3.98 9.05 10
-0.459 3.98 9.04 10
-0.45 4.0 9.05 10
-0.42 3.97 9.08 10
-0.44 3.98 9.07 10
-0.459 3.939 9.0 10
-0.459 3.959 9.019 10
-0.42 4.0 8.97 10
-0.38 3.99 9.019 10
-0.31 3.949 9.03 10
-0.28 4.0 8.98 10
-0.31 4.08 8.97 10
-0.29 4.029 8.96 10
-0.269 4.0 8.86 10
-0.31 4.0 8.8 10
-0.34 4.009 8.849 10
-0.399 3.98 8.87 10
-0.44 4.029 8.92 10
-0.39 4.02 8.96 10
-0.37 3.939 9.04 10
-0.35 3.949 9.09 10
-0.38 4.049 9.04 10
-0.35 4.029 9.059 10
-0.38 3.99 9.059 10
-0.299 3.939 9.11 10
-0.359 3.949 9.13 10
-0.34 4.02 9.05 10
-0.359 3.939 9.059 10
-0.35 3.959 9.07 10
-0.31 3.98 9.01 10
-0.37 3.98 8.98 10
-0.37 4.04 8.97 10
-0.38 4.11 8.96 10
-0.37 4.08 8.99 10
-0.41 4.029 8.99 10
-0.39 4.089 9.01 10
-0.32 4.11 9.099 10
-0.299 4.04 9.09 10
-0.329 4.0 9.2 10
-0.31 4.009 9.179 10
-0.31 4.009 9.23 10
-0.299 4.04 9.179 10
-0.28 3.98 9.2 10
-0.29 3.959 9.179 10
-0.28 3.919 9.139 10
-0.28 3.889 9.139 10
-0.28 3.909 9.059 10
-0.32 3.879 9.0 10
-0.299 3.909 8.9 9
-0.29 3.909 8.8 10
-0.28 3.929 8.82 10
-0.31 3.899 8.82 10
-0.299 3.97 8.83 10
-0.31 4.029 8.94 10
-0.299 4.11 9.07 10
-0.26 4.16 9.139 10
-0.24 4.23 9.26 10
-0.229 4.22 9.23 10
-0.199 4.22 9.19 10
-0.25 4.22 9.09 10
-0.269 4.21 9.09 10
-0.299 4.16 9.059 10
-0.32 4.1 9.11 10
-0.329 4.029 9.09 10
-0.399 4.009 9.09 10
-0.359 3.949 9.099 10
-0.38 3.939 9.09 10
-0.35 3.98 9.099 10
-0.29 3.909 9.04 10
-0.29 3.939 9.01 10
-0.31 3.98 8.889 10
-0.31 3.97 8.8 10
-0.28 3.909 8.8 10
-0.28 3.879 8.809 10
-0.359 3.899 8.809 10
-0.299 3.879 8.83 10
-0.299 3.83 8.769 10
-0.32 3.889 8.83 10
-0.28 3.919 8.92 10
-0.24 3.85 8.99 10
-0.329 3.85 8.95 10
-0.37 3.889 8.94 10
-0.34 3.87 8.95 10
-0.359 3.85 8.94 10
-0.399 3.909 8.87 10
-0.42 3.97 8.9 10
-0.35 3.929 8.96 10
-0.35 3.98 8.98 10
-0.37 4.02 9.019 10
-0.359 4.06 8.97 10
-0.38 4.11 8.95 10
-0.22 4.13 9.019 10
-0.22 4.009 8.91 10
-0.299 4.069 8.94 10
-0.61 3.97 7.419 10
-0.69 4.299 8.95 10
-0.53 4.029 8.849 10
-0.459 3.55 8.679 10
-0.34 3.77 9.15 10
-0.429 4.0 9.51 10
-0.5 4.089 9.76 10
-0.25 3.939 9.83 10
-0.199 3.85 9.73 10
-0.25 3.899 9.38 10
-0.429 3.84 8.9 10
-0.63 4.25 8.78 10
-0.58 4.35 8.76 10
-0.42 4.23 8.809 10
-0.17 4.23 9.01 10
-0.14 4.13 9.04 10
-0.049 3.959 9.29 9
-0.11 3.879 9.32 10
-0.179 3.84 9.29 10
-0.17 3.879 9.349 10
-0.16 3.78 9.34 10
-0.19 3.8 9.21 10
-0.229 3.8 9.16 10
-0.25 3.83 9.08 10
-0.34 3.86 9.03 10
-0.359 3.87 9.09 10

# Completed @Fri Dec 02 13:33:34 CST 2016
